4270 10000
205 459
459 870
783 395
393 267
779 357
293 576
791 258
348 613
163 212
747 122
845 260
556 371
659 175
566 487
251 872
286 443
230 796
737 508
795 127
560 430
638 218
389 341
815 826
527 632
655 398
243 479
902 926
983 532
868 191
835 468
302 101
242 941
735 854
847 240
171 861
317 435
182 925
361 851
229 617
342 297
179 619
296 162
901 335
957 727
428 614
298 379
719 888
651 621
1000 238
663 656
560 805
317 553
844 234
802 310
910 633
787 612
728 920
723 840
890 881
907 686
550 123
602 877
618 667
174 432
835 184
644 477
519 679
342 1000
286 949
704 712
121 285
477 781
368 895
421 436
481 313
907 393
893 186
953 771
663 528
178 371
226 896
777 942
920 989
509 280
114 941
528 552
650 917
701 175
679 876
759 199
215 866
768 139
456 594
334 603
334 119
658 302
198 309
908 421
924 588
236 722
685 819
909 206
625 828
291 133
790 268
182 495
228 350
497 851
221 137
201 155
527 417
275 701
399 271
961 378
432 508
382 859
999 950
921 624
585 648
834 163
332 892
592 932
501 331
633 242
900 445
935 196
961 263
839 611
236 532
794 204
189 251
931 933
202 778
173 638
627 369
402 938
402 374
170 424
531 811
656 808
667 930
200 602
451 371
799 343
862 485
291 171
204 511
886 704
218 532
611 368
652 348
252 365
867 354
697 812
532 754
154 306
357 551
813 353
773 666
675 506
547 625
956 783
372 437
872 559
987 992
624 638
224 198
254 557
361 587
570 833
739 460
298 360
414 550
602 828
970 666
334 727
419 730
626 305
969 317
170 141
596 406
523 230
105 657
986 956
357 709
690 374
366 401
530 100
917 501
433 874
396 998
162 214
443 450
491 514
860 881
660 923
415 399
340 471
387 217
584 838
895 650
100 894
242 397
877 568
739 602
523 766
944 165
512 679
189 809
542 721
264 387
616 316
466 900
600 658
126 236
150 325
976 160
482 843
997 745
843 337
524 781
744 830
802 516
623 178
220 790
810 655
157 413
305 293
156 500
773 357
217 790
913 841
108 209
646 278
856 451
272 759
612 600
355 965
384 548
283 685
550 435
718 367
825 654
225 452
805 339
221 296
894 497
582 560
522 475
805 180
486 775
593 291
599 924
976 658
369 601
766 366
816 384
827 650
307 192
887 607
914 699
427 306
496 124
714 763
475 754
688 665
166 924
407 420
598 871
430 233
649 685
989 223
859 692
475 484
604 911
852 596
860 128
822 354
749 395
587 215
958 405
740 951
466 235
726 810
591 196
966 690
990 664
635 920
297 219
774 398
495 357
870 978
411 392
268 618
575 599
445 978
182 130
876 869
650 657
404 531
967 293
351 263
791 414
592 824
853 539
393 768
185 972
299 731
435 987
264 785
352 314
806 816
117 970
498 1000
320 284
181 877
595 357
710 806
374 546
948 943
776 666
250 621
793 358
455 419
488 459
485 237
919 551
187 712
633 806
618 796
257 837
300 951
261 488
249 600
499 331
593 655
596 548
777 249
558 991
154 266
624 556
582 222
790 201
768 818
810 813
227 165
846 358
911 544
227 333
459 398
208 815
191 604
671 732
514 678
498 708
560 274
251 223
290 315
488 535
573 446
202 183
935 764
154 445
591 102
915 1000
642 955
570 987
929 739
159 827
678 833
682 923
516 580
806 816
691 291
835 622
408 820
445 894
701 222
974 313
412 583
883 385
998 452
348 821
955 641
591 730
314 678
743 782
874 387
457 144
500 458
862 774
101 919
840 758
204 887
465 114
696 909
124 719
949 488
497 492
868 198
864 466
397 766
608 294
731 842
795 328
555 262
594 528
131 262
717 538
548 977
538 601
145 377
628 468
583 869
254 763
799 345
737 174
750 690
596 552
667 532
561 660
734 304
180 843
175 424
156 323
776 453
396 123
119 655
476 186
349 919
767 254
1000 322
635 422
280 177
954 562
564 443
111 610
882 865
409 719
923 692
842 980
157 538
529 616
173 490
277 631
560 745
153 680
865 742
499 341
301 409
982 109
678 983
489 618
172 295
392 509
223 143
227 786
414 597
496 920
173 929
438 134
357 134
645 429
590 230
433 938
709 304
798 610
775 458
110 331
370 143
979 259
613 649
828 796
980 797
210 233
233 850
662 415
124 125
965 915
241 901
165 257
300 645
304 481
575 296
716 765
768 969
521 573
590 485
206 411
550 401
304 561
906 623
237 964
411 710
581 713
690 539
957 842
655 987
789 754
443 401
461 435
123 646
288 223
897 920
280 397
539 779
553 847
521 662
819 582
448 137
566 867
520 859
330 223
196 398
928 603
225 113
236 661
343 683
324 869
466 782
975 666
186 882
300 792
535 782
498 690
647 191
380 382
273 152
174 371
946 558
222 303
378 674
676 668
903 876
391 427
987 388
742 449
763 966
549 687
488 941
216 443
122 744
321 1000
865 915
601 639
517 396
999 961
128 453
825 381
158 301
838 311
844 545
547 271
166 223
617 524
437 601
667 900
134 638
582 810
891 596
909 842
591 768
915 160
384 731
899 327
717 738
734 638
817 283
416 872
426 550
921 375
483 659
144 378
492 661
359 988
596 364
544 473
604 146
464 370
735 980
825 352
551 881
326 693
194 550
673 688
118 975
836 166
333 200
627 561
999 929
819 304
528 166
467 175
672 586
213 221
594 700
518 706
840 183
170 548
482 201
162 586
744 630
301 669
784 432
352 742
941 950
568 486
637 261
132 666
227 608
568 378
209 411
348 259
337 462
747 374
253 560
985 473
803 390
458 926
252 303
861 804
550 377
289 346
677 210
302 549
888 309
841 672
310 651
815 704
678 890
369 278
482 768
936 262
199 189
108 505
937 503
599 858
147 179
326 286
189 490
216 364
838 720
162 170
651 676
869 551
605 888
136 543
520 897
269 951
993 671
171 808
650 634
106 115
479 373
968 387
329 734
310 989
899 313
324 274
184 612
458 592
107 145
281 393
846 648
143 679
737 226
739 651
852 811
587 735
985 236
949 652
313 850
824 839
821 793
493 371
193 105
870 383
370 356
161 343
440 505
644 859
926 292
340 148
138 375
997 915
205 572
143 362
883 932
178 462
472 763
962 282
293 331
135 961
706 165
890 236
750 804
550 453
833 778
744 578
101 330
352 233
237 211
524 415
153 123
877 529
219 794
197 564
473 198
764 430
922 965
792 564
164 816
971 907
732 323
974 187
525 766
952 338
128 502
977 498
757 617
243 719
338 639
651 549
848 105
899 636
640 367
231 298
312 682
133 715
586 144
387 370
420 514
986 831
209 439
731 978
555 558
131 616
462 144
627 761
340 128
581 546
721 619
436 348
571 317
939 911
398 259
705 776
235 363
856 725
330 455
276 576
742 385
455 567
398 707
205 357
877 917
585 943
503 381
147 529
162 710
466 870
872 225
333 482
727 167
526 759
744 855
818 132
912 526
499 345
482 157
828 728
471 940
174 356
767 468
300 259
981 667
588 623
327 508
202 324
777 342
731 184
685 923
739 155
893 934
957 130
101 692
243 205
108 996
301 941
212 458
482 517
136 485
288 288
717 699
591 681
298 931
939 792
911 787
592 902
168 722
882 840
346 498
184 114
656 514
470 764
265 552
959 915
266 202
830 819
649 153
191 511
835 423
404 919
902 853
937 668
107 762
187 682
156 699
204 280
186 496
497 247
899 199
526 425
988 876
844 927
496 888
656 215
952 318
744 283
256 459
766 197
403 649
590 541
234 730
156 864
140 716
316 438
263 858
577 102
709 215
604 607
1000 222
682 865
892 955
885 421
147 246
770 216
530 618
861 890
781 461
119 590
225 817
282 855
768 446
909 783
573 131
760 601
932 143
698 633
308 602
696 268
453 530
449 308
932 918
242 956
513 388
966 919
737 860
768 268
986 638
979 612
906 550
633 433
469 253
445 533
185 993
696 688
644 201
681 437
489 400
796 533
237 185
488 694
439 267
642 876
473 600
716 246
146 406
793 114
984 840
991 452
723 486
320 105
963 325
544 675
310 324
497 123
744 644
172 410
725 604
540 248
677 311
462 299
795 460
164 640
288 557
779 151
719 148
198 593
857 798
295 505
641 731
579 593
861 849
570 981
324 871
290 621
391 104
683 360
767 123
434 418
197 109
349 129
477 839
464 782
250 497
197 648
347 636
592 638
106 767
785 108
604 530
854 900
491 931
912 171
257 394
306 830
336 983
520 838
546 1000
498 629
472 435
607 555
302 789
411 477
232 653
695 612
236 195
114 204
849 123
959 902
808 143
195 493
124 584
353 334
828 336
459 980
329 677
243 989
357 965
519 551
621 261
759 355
848 525
260 471
896 165
752 337
120 848
269 211
524 938
982 270
367 182
234 574
855 431
622 458
921 572
382 445
514 270
976 412
155 993
550 656
665 619
451 801
459 670
144 809
701 232
230 204
140 391
535 741
820 773
246 580
948 496
615 940
426 667
414 166
919 176
755 395
214 851
360 131
824 466
381 647
258 323
738 523
501 132
585 311
843 311
300 845
214 434
421 705
745 320
152 568
290 379
120 686
702 190
931 771
207 768
604 232
464 382
630 973
356 785
768 694
770 963
815 924
504 377
851 841
600 506
815 218
490 863
296 100
529 647
823 698
687 501
230 841
487 462
676 442
880 838
180 728
333 280
653 306
443 448
616 357
988 229
376 885
555 970
831 613
791 935
245 616
191 221
163 223
819 498
884 336
333 187
218 292
748 300
342 586
867 797
717 319
922 251
850 197
464 833
638 965
449 623
408 576
853 140
550 252
728 885
421 479
905 790
232 524
243 838
701 235
950 827
851 811
608 429
867 407
594 525
718 480
245 567
683 787
678 594
211 299
333 791
651 369
940 883
453 700
315 985
108 342
941 821
981 580
281 491
768 406
261 623
865 284
559 965
869 204
413 514
809 911
574 604
141 114
172 642
952 210
882 535
620 925
272 388
213 484
245 688
595 163
441 464
809 951
565 239
292 443
985 663
467 621
716 990
192 683
272 632
793 887
607 699
410 760
113 409
920 423
599 516
237 261
997 878
699 142
156 419
241 503
224 538
277 485
685 457
837 359
977 810
256 664
939 242
116 445
396 224
631 845
613 600
979 872
180 196
837 961
123 416
532 604
714 925
682 648
723 732
167 739
877 102
136 251
317 688
314 746
536 227
748 252
288 896
368 430
981 756
222 110
605 312
712 616
908 930
392 152
426 891
799 453
611 521
637 377
947 403
348 867
805 674
319 905
804 487
193 756
844 415
180 288
164 957
616 425
583 516
805 425
601 550
846 116
339 581
612 438
621 962
601 985
765 885
341 752
840 253
635 800
330 169
400 153
617 253
420 977
607 899
777 597
765 298
107 990
543 508
352 655
402 169
671 978
861 300
952 344
480 263
345 493
738 630
584 959
895 865
281 794
173 973
211 437
927 810
817 647
548 195
462 108
370 211
420 323
949 452
208 486
264 943
132 163
464 216
486 417
115 370
476 356
818 963
151 655
358 798
354 818
466 786
672 503
368 956
225 925
211 585
685 469
560 858
199 244
331 713
521 148
106 224
909 585
621 768
294 350
983 317
391 202
544 432
500 638
313 490
781 553
422 207
675 275
185 494
935 873
837 201
311 694
666 520
341 995
742 707
863 602
828 243
151 688
746 304
917 499
294 723
462 443
329 614
258 251
714 437
955 534
412 923
792 120
676 326
310 442
181 705
997 119
743 578
226 549
616 635
996 803
258 695
533 692
555 254
301 592
266 342
419 189
550 483
129 549
501 746
109 679
883 583
532 236
925 931
978 390
538 930
138 123
760 813
977 130
664 648
559 849
129 302
399 392
949 163
990 262
710 993
746 581
204 435
205 296
772 824
725 889
855 688
449 997
855 751
799 693
931 655
663 447
775 474
643 327
695 215
366 743
955 453
725 392
215 286
970 1000
756 574
860 169
568 869
980 904
282 772
514 192
240 605
993 652
505 778
920 739
240 706
793 116
738 894
582 183
476 128
833 679
349 338
857 156
704 242
929 897
993 129
116 569
720 132
696 397
555 930
602 610
173 356
607 849
703 630
625 497
443 698
769 280
117 414
321 837
415 978
647 219
194 655
699 343
968 307
961 169
110 423
864 578
872 420
543 721
757 722
734 606
810 527
178 786
104 379
340 726
126 261
857 675
513 996
763 244
364 607
250 826
971 609
161 643
998 119
132 748
759 145
256 270
206 762
553 400
435 676
785 904
743 464
704 374
873 270
967 157
607 995
112 190
460 371
755 354
784 626
556 605
136 816
939 907
312 978
645 316
668 280
665 762
498 244
688 812
537 813
147 803
177 765
983 414
478 746
759 467
652 396
240 122
499 672
324 738
128 509
821 122
711 656
650 798
806 1000
408 965
373 151
376 373
156 101
184 577
381 537
408 295
845 169
471 838
885 545
310 981
441 118
792 122
497 349
228 603
327 547
486 680
967 380
640 179
694 455
140 761
768 990
948 530
931 748
565 279
616 547
690 367
402 528
544 202
226 396
847 125
111 311
962 396
667 952
763 265
940 123
818 777
803 270
685 816
736 846
749 934
409 120
630 353
793 756
679 266
495 839
681 632
494 253
432 379
513 529
801 181
733 353
668 481
477 695
315 332
241 131
316 919
297 540
889 776
545 668
421 845
157 359
551 879
575 319
596 588
142 882
477 665
620 796
506 845
406 603
151 792
223 796
741 668
635 680
199 386
178 277
980 946
918 678
294 213
901 181
769 954
502 964
261 480
819 752
257 176
374 920
976 834
798 784
980 485
557 491
665 629
353 789
705 279
515 441
216 742
836 983
728 999
886 915
911 945
146 119
524 982
916 441
623 401
462 398
126 277
942 621
857 405
857 464
484 976
823 626
336 118
662 841
566 653
286 872
640 203
294 450
436 514
226 977
780 866
965 841
325 526
141 627
908 697
691 747
623 751
648 349
419 494
618 520
206 759
954 380
334 682
964 896
587 997
668 872
655 830
971 810
152 424
420 965
836 917
573 179
281 952
965 608
168 282
222 785
650 493
457 919
367 207
215 545
900 630
859 997
586 783
279 388
826 599
543 540
291 425
187 253
562 884
439 616
632 955
259 728
424 304
925 450
484 696
136 815
658 331
652 831
926 838
966 887
916 385
885 195
974 766
134 777
393 992
501 499
303 181
928 319
945 600
843 709
909 372
352 415
772 470
169 372
376 369
847 500
888 565
978 367
278 209
700 116
777 713
503 560
807 572
291 111
177 147
759 872
814 921
721 145
616 115
915 231
189 221
165 992
996 390
371 716
945 251
947 685
336 562
809 703
190 808
779 475
188 870
744 647
440 496
897 235
106 661
835 181
543 102
907 219
940 991
890 199
872 747
756 376
137 847
856 569
344 153
452 192
985 570
466 362
959 985
802 310
872 460
169 367
563 704
550 836
226 620
204 447
289 136
795 756
429 446
388 752
333 798
226 480
916 463
648 716
849 106
799 998
308 966
107 543
247 616
871 499
913 939
114 513
399 303
647 358
293 131
300 762
787 1000
867 342
961 554
802 913
833 635
303 587
370 340
658 590
729 395
329 741
181 936
645 514
359 712
645 411
298 863
496 527
907 978
438 508
398 968
897 828
199 853
970 780
365 373
926 360
625 619
466 556
593 915
507 458
258 573
823 767
687 917
604 300
655 333
769 226
587 890
896 732
938 397
520 741
414 935
955 437
249 755
532 206
768 563
660 118
735 121
218 301
424 463
977 323
346 123
780 230
935 993
542 412
156 770
237 174
116 1000
194 760
152 438
153 526
923 384
261 358
578 281
513 431
752 859
442 376
499 671
925 350
412 268
484 665
942 971
310 294
160 235
134 936
514 158
738 142
265 485
165 902
719 351
843 353
354 867
496 448
155 643
824 945
733 931
100 164
450 628
371 147
468 492
972 573
564 460
820 500
838 126
902 796
439 206
479 680
166 775
827 840
555 558
437 671
411 252
821 117
239 781
781 949
697 359
220 887
709 533
191 504
509 693
345 736
813 165
798 133
354 862
851 821
255 980
601 469
485 409
387 858
304 722
267 342
924 730
676 965
483 266
932 312
979 400
441 736
570 686
322 224
982 162
183 628
285 157
876 582
841 597
542 952
827 131
231 694
151 426
516 307
542 789
124 617
936 839
421 651
636 160
120 351
337 735
461 493
874 268
142 791
639 111
798 353
136 668
568 540
615 160
835 319
305 282
875 756
313 688
443 647
783 931
535 971
559 392
504 964
627 312
600 217
852 355
978 749
964 704
479 598
304 430
795 290
700 897
722 105
720 702
223 371
952 650
261 132
798 591
377 693
835 592
819 317
676 702
982 887
288 758
633 177
546 196
879 261
718 743
374 123
309 893
215 237
469 440
716 337
229 576
198 516
100 254
113 977
497 866
521 785
481 191
824 512
955 237
805 843
907 349
901 328
725 395
291 416
803 977
474 763
155 865
630 413
621 141
350 156
818 951
898 957
799 705
770 448
611 487
333 920
318 779
880 997
511 771
147 508
859 721
874 994
912 114
840 704
391 503
132 457
462 807
653 553
811 566
723 263
116 708
412 975
593 356
304 658
863 917
627 445
747 349
709 267
597 597
309 980
797 545
520 909
518 711
711 166
511 976
864 528
759 318
178 364
825 110
314 804
705 449
926 546
420 912
545 398
709 475
162 663
948 982
742 852
806 948
978 626
347 570
742 938
430 739
102 779
514 132
779 333
116 674
391 403
339 442
808 990
583 250
387 655
427 676
351 645
752 550
128 568
308 958
859 318
426 667
940 984
217 535
927 895
499 783
991 323
645 390
764 1000
948 194
555 778
621 594
443 495
985 875
327 230
844 276
413 889
118 956
695 624
889 775
735 841
777 100
327 676
909 882
488 564
383 679
780 647
308 826
747 947
236 209
845 544
643 964
734 528
367 965
523 897
305 854
828 275
414 379
429 194
104 388
330 472
162 903
837 946
223 630
143 396
519 381
863 738
815 976
517 655
600 408
101 198
392 799
520 433
931 848
760 756
581 539
803 448
258 446
973 602
404 293
505 466
688 262
810 406
827 990
417 365
552 213
469 803
903 499
123 274
644 606
436 295
396 952
469 292
284 199
418 502
651 1000
634 294
511 471
933 355
881 670
467 286
337 600
458 313
219 836
105 243
478 968
641 304
389 196
955 219
769 135
921 167
828 585
175 169
135 390
703 779
553 824
931 181
680 375
118 521
754 734
854 145
789 462
831 281
742 760
595 822
165 233
606 324
649 784
194 185
162 356
119 618
412 246
479 742
410 176
329 715
589 585
946 540
510 823
996 556
650 711
656 754
843 794
861 576
293 677
725 205
186 841
753 352
425 330
841 919
149 296
955 404
280 500
202 329
382 807
347 585
894 844
142 968
731 824
136 234
372 590
608 515
545 837
560 909
209 709
181 934
875 851
398 518
373 377
608 318
318 949
713 983
474 590
607 510
608 798
245 290
298 541
687 131
276 457
543 637
511 193
457 725
672 251
667 215
192 245
673 315
219 604
258 345
209 590
374 275
326 446
256 109
530 976
717 157
866 398
830 252
733 439
357 287
612 211
610 719
694 111
471 149
520 294
636 911
897 566
793 204
966 914
714 151
363 706
420 541
475 964
737 897
511 274
589 198
540 888
571 116
976 951
222 851
941 756
875 144
105 546
135 179
923 441
349 603
276 805
501 649
824 962
434 902
439 985
895 656
873 137
988 322
469 252
712 514
526 221
407 653
565 681
747 452
750 209
903 247
564 351
952 414
968 483
280 754
970 395
525 951
723 607
258 904
853 303
514 924
782 685
304 115
823 270
755 890
644 621
196 696
535 911
730 305
641 408
870 401
791 245
340 747
918 710
981 721
906 116
192 973
114 920
862 670
299 790
260 120
816 784
450 535
335 589
842 403
880 193
795 746
510 760
863 489
978 421
864 133
190 122
707 718
832 926
746 876
621 285
778 969
691 899
258 338
155 368
536 745
132 695
901 504
827 660
824 111
735 487
263 745
591 232
462 230
144 426
695 694
416 655
610 187
783 427
912 921
430 732
483 504
155 899
306 708
510 994
486 741
708 405
788 215
776 465
571 877
817 629
466 821
290 249
265 202
681 922
197 941
819 593
838 772
681 568
570 203
363 856
294 472
652 215
401 541
201 357
740 637
953 587
252 707
216 365
103 897
729 605
270 371
182 299
930 611
691 146
364 230
435 363
102 376
657 801
457 900
794 926
952 281
936 888
945 490
979 592
824 167
573 982
943 269
589 383
739 830
198 391
593 971
428 202
658 878
220 959
670 295
524 810
685 809
768 864
352 857
494 417
371 348
880 463
145 111
293 739
932 298
474 640
490 450
915 102
545 818
162 422
801 480
740 617
167 546
111 860
687 823
432 765
149 239
583 137
873 493
987 494
646 750
595 546
469 587
204 484
113 854
973 328
721 184
662 612
476 373
620 918
623 288
183 466
633 915
823 156
847 592
738 635
651 412
763 648
120 951
346 707
970 789
729 945
230 855
183 595
660 741
624 764
697 419
716 768
398 780
523 840
213 431
508 373
804 896
259 319
647 815
714 590
938 118
114 932
713 494
671 375
650 842
863 577
399 826
246 241
340 532
410 593
318 935
481 933
629 809
368 792
164 176
124 297
771 266
990 869
881 319
407 368
896 665
779 709
313 889
428 668
665 463
840 944
962 242
167 372
658 710
739 181
888 762
596 696
633 697
844 674
526 121
633 243
746 501
806 582
804 152
592 765
565 814
612 237
532 964
547 349
388 133
181 985
634 970
814 929
288 903
991 538
262 414
412 335
436 655
146 182
564 882
909 676
806 504
589 860
253 522
450 694
838 146
589 870
624 307
101 714
829 924
768 561
748 277
844 381
791 808
901 644
849 265
819 270
314 375
538 764
374 265
992 385
485 820
301 962
406 452
492 130
589 660
401 442
561 165
781 775
343 450
207 296
989 136
836 614
998 677
986 406
988 414
436 729
208 392
256 186
187 784
728 128
719 773
946 148
593 972
479 279
394 969
194 462
585 952
582 903
807 675
301 979
364 778
556 216
209 526
907 433
701 932
689 129
625 575
217 375
833 820
852 113
993 621
859 852
626 140
415 297
213 274
396 711
890 700
885 799
942 393
648 888
516 923
370 343
256 455
282 467
930 174
707 289
570 885
841 265
265 338
934 764
123 432
987 290
512 426
144 630
715 217
331 727
526 960
294 629
713 119
925 357
428 204
131 787
535 322
427 898
491 860
741 636
690 428
489 416
238 515
294 999
608 495
196 910
206 788
206 544
636 117
863 782
896 970
939 804
547 486
274 648
770 596
452 184
727 903
375 928
414 498
415 281
895 954
802 462
383 442
166 786
455 658
342 331
909 805
686 866
738 389
778 876
836 449
586 170
958 589
301 534
186 385
958 394
409 237
835 187
735 948
319 335
989 748
251 844
696 945
605 204
625 524
582 232
959 227
537 387
449 838
760 257
200 174
361 126
692 259
294 424
561 886
114 237
350 752
553 704
714 757
196 590
494 693
475 577
993 320
592 996
434 236
383 600
958 160
221 289
652 212
500 582
696 486
709 246
514 487
864 148
364 173
319 345
780 373
616 511
418 464
102 496
403 546
273 452
405 577
979 399
924 595
281 896
559 520
933 610
988 720
350 861
141 543
298 340
753 132
610 634
992 496
757 356
394 845
671 249
294 382
645 711
675 135
734 919
819 667
954 715
696 460
793 396
232 238
922 116
669 679
680 651
249 571
684 785
824 697
818 163
424 902
404 341
793 952
238 863
460 272
568 910
487 197
305 493
293 851
395 305
772 278
826 584
144 473
333 108
892 166
425 392
306 667
134 869
780 117
436 906
488 864
930 536
125 640
127 615
957 934
278 609
306 968
744 931
832 273
566 697
571 792
692 686
838 885
260 781
347 751
142 815
503 341
709 952
745 944
122 351
847 902
955 292
167 370
101 118
683 698
285 945
228 493
198 864
556 203
442 573
229 172
329 265
902 323
956 909
461 530
367 398
579 557
192 189
633 935
439 575
243 948
750 620
661 131
776 795
670 460
584 947
146 959
735 983
270 290
281 807
567 646
673 870
247 496
659 290
459 867
220 850
416 180
407 713
574 483
347 117
701 468
183 720
613 191
413 940
248 408
365 841
921 992
600 673
261 234
539 541
479 251
934 123
688 986
138 121
862 515
324 556
599 819
887 598
225 374
632 496
355 729
566 679
972 555
576 749
627 988
974 712
781 532
968 935
392 804
878 823
281 711
377 585
645 811
694 310
195 694
507 961
888 189
512 800
758 690
684 165
929 805
538 672
727 231
939 754
692 432
680 103
493 696
359 652
112 830
441 634
445 132
169 115
510 508
842 542
436 717
880 740
346 394
368 391
311 870
926 826
297 607
152 971
350 1000
597 671
687 954
477 773
780 371
159 888
806 605
704 730
685 819
570 988
829 435
794 727
183 145
428 486
947 378
1000 680
400 532
286 873
841 184
444 536
231 844
425 155
694 224
366 149
207 326
366 372
147 733
381 440
419 396
275 616
614 622
167 313
664 802
556 467
878 394
388 914
858 298
282 799
858 855
660 726
269 709
115 280
538 321
317 840
209 946
316 633
662 693
582 261
955 227
942 938
649 252
624 421
586 689
355 396
534 743
495 477
566 507
741 827
616 234
140 316
173 358
704 378
507 337
146 271
936 575
712 217
916 569
699 136
884 843
589 146
699 806
315 457
857 621
277 525
687 964
331 775
271 369
855 571
253 427
599 111
885 115
861 600
738 248
533 541
782 352
329 890
638 332
220 879
686 439
882 952
662 388
882 266
621 854
453 260
473 848
123 251
154 295
994 188
773 836
960 119
471 282
778 314
304 310
663 669
979 293
788 314
174 330
583 902
936 124
432 433
638 696
788 765
174 753
335 204
977 155
124 399
448 804
498 658
407 732
859 600
141 705
184 300
866 972
224 142
897 639
384 259
711 395
398 745
829 417
180 458
756 799
110 447
238 249
519 843
305 118
318 887
825 690
486 875
876 197
580 951
893 886
983 800
641 990
603 773
927 600
199 272
758 310
602 181
165 737
237 106
688 715
466 562
229 354
947 541
373 501
130 903
946 411
220 299
230 763
530 899
883 557
252 578
285 692
414 860
208 264
532 133
160 623
261 844
821 286
504 697
305 229
519 199
802 944
550 116
579 966
814 579
224 660
916 676
908 956
429 257
822 769
809 501
454 400
440 213
117 567
358 128
669 843
173 563
711 984
371 506
178 703
133 591
745 650
529 272
928 921
655 512
387 598
369 746
699 743
789 865
189 827
580 430
287 377
589 756
904 573
909 925
989 752
815 182
716 567
170 788
129 610
181 912
826 767
871 157
878 313
641 568
413 102
728 385
429 196
251 178
823 787
907 140
824 768
402 994
117 251
491 308
983 557
740 735
608 404
306 381
568 564
823 378
643 941
521 534
621 592
527 898
955 272
745 322
356 590
429 899
873 100
759 780
406 872
641 490
946 603
315 564
943 247
835 770
461 559
285 353
435 904
778 593
191 910
808 214
443 113
341 490
555 644
619 713
604 165
575 803
966 642
484 762
766 654
796 517
482 765
811 697
823 901
535 556
601 511
254 372
679 388
184 851
658 251
902 420
831 506
581 402
605 652
211 142
552 569
173 815
887 952
728 741
718 220
667 990
346 346
724 496
879 336
641 134
416 816
277 184
797 192
409 194
987 471
391 359
574 286
585 890
584 509
436 825
434 603
764 413
461 892
514 891
235 187
146 105
355 320
498 102
353 298
772 386
770 839
640 601
437 581
135 966
196 705
229 549
398 111
854 927
871 408
169 920
399 184
162 708
671 587
554 769
329 372
899 568
287 476
168 239
328 969
905 573
716 410
886 136
361 646
222 349
292 558
997 674
976 706
949 835
913 278
666 799
154 797
321 150
736 448
891 219
268 111
138 676
277 865
561 617
455 905
365 427
675 397
581 474
606 428
629 837
818 573
733 595
702 997
326 805
228 520
415 136
376 493
205 851
598 371
292 730
740 419
693 271
400 937
480 685
665 704
472 606
130 705
193 586
530 684
661 106
310 492
546 351
670 326
423 734
491 556
573 402
851 581
408 116
720 986
230 782
632 291
422 178
192 722
936 993
458 543
268 336
506 952
275 136
616 524
415 330
554 831
506 242
544 735
737 133
317 174
468 206
807 342
990 393
841 250
882 393
139 501
377 472
591 917
550 385
894 287
429 372
290 288
708 275
551 437
160 567
477 325
481 939
423 533
417 168
850 639
959 319
395 936
232 695
560 650
179 286
473 578
907 379
151 494
289 755
750 733
513 570
252 256
866 116
878 229
149 704
930 948
643 202
205 907
245 121
423 106
150 769
408 786
304 214
392 332
960 150
205 302
186 914
339 704
255 740
268 675
477 483
773 358
181 278
306 421
175 166
911 212
813 781
659 637
249 763
968 664
599 573
920 920
911 575
181 611
963 269
525 957
703 550
457 452
755 839
703 851
759 213
501 638
478 772
306 623
261 263
963 252
295 199
836 229
997 812
913 452
372 580
554 195
769 612
668 221
205 727
786 736
138 196
728 229
886 692
726 202
397 952
772 605
731 725
593 836
867 728
743 485
575 322
969 671
196 351
708 443
619 173
193 141
166 589
635 284
303 963
953 506
378 364
192 230
710 913
589 145
461 114
110 637
535 792
907 425
465 919
410 489
336 642
825 682
507 204
864 189
790 964
491 573
116 422
516 325
505 927
578 985
912 858
235 156
248 191
424 605
643 274
910 411
919 949
126 865
854 366
923 770
405 689
164 860
713 623
564 149
340 430
614 392
560 775
322 339
353 976
843 967
995 743
358 324
524 819
703 367
515 939
630 804
524 197
844 209
199 142
932 863
732 424
359 510
811 708
555 226
101 993
994 535
417 971
826 745
836 361
114 656
987 846
279 839
367 958
266 460
422 853
132 322
104 943
270 864
775 961
953 416
744 569
541 342
945 423
381 797
875 633
622 919
408 161
777 899
430 676
987 565
303 241
275 141
891 312
933 727
689 532
784 844
565 815
421 643
674 944
884 834
878 950
395 691
993 671
486 769
890 652
243 336
178 747
836 881
714 633
195 866
692 354
686 427
746 948
166 482
540 204
474 499
167 930
534 370
150 200
990 635
112 817
354 937
299 581
789 653
282 145
279 149
540 620
998 996
136 762
814 109
248 147
236 693
171 582
561 481
138 813
616 360
160 124
230 523
142 423
151 716
376 864
143 749
913 917
839 929
957 142
928 825
245 915
753 528
846 838
862 972
907 351
604 833
533 963
652 472
464 749
818 275
202 185
378 442
217 169
782 719
285 762
585 661
234 581
575 805
182 760
695 163
776 931
434 241
589 291
611 565
392 544
494 626
316 166
538 949
357 915
865 524
999 820
365 711
378 961
318 563
612 596
918 338
951 645
872 861
669 932
916 823
199 222
173 686
651 286
437 538
610 560
103 243
686 685
304 862
661 711
509 697
870 251
454 436
685 450
871 225
477 648
222 739
759 226
132 440
559 585
120 400
573 425
737 157
360 831
216 663
183 510
268 185
543 555
166 139
931 718
822 760
165 655
965 895
493 501
849 872
694 603
135 538
887 689
867 621
346 637
625 651
168 267
453 538
105 514
951 232
315 728
246 703
334 454
324 607
195 187
800 629
153 197
886 669
613 205
923 110
474 762
980 930
478 973
750 309
423 933
847 137
327 674
587 993
639 707
600 850
820 474
460 647
128 313
500 934
385 999
404 331
696 214
783 458
188 921
710 614
981 563
918 815
160 742
587 359
533 645
140 661
788 276
942 368
246 759
463 109
757 742
781 455
229 497
201 779
830 390
141 865
796 928
529 968
249 727
827 939
123 693
574 168
376 653
101 771
380 187
261 319
334 762
282 538
366 301
259 893
277 454
601 654
733 141
397 940
325 821
158 484
944 163
606 945
642 241
534 773
160 923
391 487
172 229
411 839
829 250
227 781
971 213
350 254
657 781
973 554
647 800
225 806
632 305
380 551
620 633
119 386
828 292
602 901
709 547
692 319
804 775
556 423
781 158
942 137
143 538
774 702
252 751
181 766
325 756
247 366
315 385
414 360
310 339
145 735
672 368
530 317
499 573
322 981
966 756
119 367
101 436
611 221
637 883
247 779
792 355
274 257
601 834
484 159
671 179
340 920
745 334
526 394
399 705
697 259
142 166
691 605
891 596
522 679
449 465
315 326
631 786
607 159
456 329
823 278
906 743
882 860
808 384
469 190
472 798
608 327
885 133
255 767
676 589
941 909
938 210
756 313
723 171
942 748
577 439
144 760
903 547
252 980
300 365
647 329
202 869
314 284
498 531
809 398
100 620
245 525
466 632
905 781
247 968
896 454
462 710
876 390
713 781
645 556
348 741
613 153
937 149
195 494
441 452
459 516
382 610
453 173
493 910
307 979
749 807
546 326
882 677
295 364
390 134
398 513
742 620
491 734
432 966
367 895
141 413
162 386
442 589
509 244
314 702
890 270
752 848
134 404
206 325
207 495
334 364
172 447
319 273
164 254
215 921
997 377
723 542
594 744
762 567
190 332
130 665
234 319
504 264
597 294
110 873
773 615
448 215
957 879
763 179
289 816
904 313
730 490
722 911
477 947
284 708
389 163
634 759
624 602
391 735
792 358
152 867
729 886
978 729
905 175
114 129
579 752
984 424
332 877
942 843
646 731
797 714
673 328
415 277
343 421
170 462
998 140
594 795
335 788
159 614
662 419
152 818
537 855
396 687
952 449
944 475
513 361
740 646
623 312
123 658
243 330
386 574
734 980
294 196
258 557
950 245
347 109
275 187
280 884
878 807
142 536
593 238
997 580
406 372
678 949
135 991
721 612
256 392
845 546
919 175
762 971
710 408
824 367
176 868
718 168
620 578
293 776
154 105
654 911
482 305
965 883
250 991
197 376
900 176
265 700
321 103
937 472
525 669
704 858
402 597
857 169
273 937
902 757
696 993
658 906
654 408
884 310
809 513
272 371
186 513
713 602
691 909
355 550
990 314
705 540
862 906
891 132
620 601
471 913
551 891
997 430
502 705
755 820
207 201
636 253
750 306
358 311
354 851
423 559
107 623
857 210
457 324
279 840
691 821
681 688
806 541
166 449
589 272
467 717
272 341
134 715
387 612
721 587
143 566
207 468
706 520
685 614
159 161
740 834
778 743
208 822
150 382
556 916
365 629
523 808
429 801
555 293
374 260
797 671
392 748
970 718
390 988
184 198
277 228
916 133
506 750
679 121
622 419
487 993
261 227
737 679
319 745
534 566
132 719
253 658
229 541
606 410
299 577
734 339
202 116
846 388
818 715
629 291
769 668
891 295
494 630
158 678
870 454
911 110
377 554
312 427
668 284
101 374
426 945
344 378
174 555
457 936
486 113
296 343
562 566
265 223
129 327
807 153
881 390
870 992
111 265
135 804
646 837
692 920
970 827
466 819
850 165
329 664
731 680
591 594
279 246
948 607
741 147
355 547
218 815
485 394
128 847
613 410
157 852
931 911
784 510
187 384
910 512
552 337
475 376
376 739
486 712
196 572
707 228
929 311
765 566
959 588
225 325
764 989
502 562
346 589
400 168
629 623
517 436
664 430
186 129
190 339
864 230
818 918
418 343
570 148
183 907
954 747
337 529
274 201
586 125
739 584
824 240
513 973
244 919
844 539
228 795
661 504
831 870
807 738
270 846
444 426
788 642
755 601
227 200
966 980
578 387
831 670
551 243
563 123
445 874
212 495
405 824
659 650
305 813
357 650
847 570
120 905
547 573
872 751
725 744
591 727
479 586
345 218
752 967
185 240
293 393
897 365
739 633
260 293
290 600
889 209
947 989
885 190
903 646
753 598
926 256
657 513
605 329
452 450
356 993
380 343
173 225
980 961
977 681
297 306
499 383
152 922
130 620
124 690
216 521
890 449
578 463
941 201
563 463
301 170
832 760
524 881
167 469
718 420
779 885
998 306
984 622
832 597
543 479
744 378
939 271
647 287
263 622
500 642
703 184
321 373
735 802
884 229
246 127
958 961
815 735
253 399
116 977
465 374
1000 565
275 551
107 975
571 445
731 815
964 675
274 502
686 176
841 953
598 837
702 598
641 601
724 230
411 266
667 585
552 329
731 945
368 154
846 910
621 887
250 682
906 938
621 639
325 951
478 727
298 805
898 102
704 840
845 516
817 147
581 244
840 434
538 398
855 537
518 987
247 403
311 899
266 440
678 566
346 807
405 139
870 535
188 134
709 874
518 451
873 421
334 738
651 624
744 844
690 744
793 986
584 648
741 418
729 188
329 231
196 346
675 248
100 191
185 200
291 933
180 354
913 752
535 480
752 267
969 667
580 108
473 198
598 229
505 611
567 553
536 555
823 120
226 436
753 948
423 668
418 582
496 386
588 182
354 446
775 339
260 130
160 102
914 897
795 649
448 946
311 564
996 550
260 271
738 108
381 199
893 808
874 256
151 994
470 176
164 342
878 340
245 744
991 311
365 788
195 865
342 455
194 435
425 203
956 235
795 408
492 549
899 427
501 445
909 126
283 278
845 352
672 397
443 766
681 634
765 292
489 956
174 639
418 449
977 982
945 716
896 739
989 749
123 606
131 889
754 437
487 828
938 276
471 802
821 648
467 216
681 658
413 770
818 836
106 107
825 648
485 643
374 158
164 775
141 695
541 540
388 687
540 597
976 586
501 889
994 167
610 780
602 641
724 969
415 933
180 310
891 952
991 130
657 194
502 946
148 147
928 876
151 780
258 276
223 165
516 807
790 582
448 199
180 490
541 537
835 733
451 458
158 291
604 993
428 955
144 580
101 915
535 316
885 551
279 752
224 997
944 646
922 424
258 869
787 593
968 522
519 513
843 791
896 741
153 420
805 148
525 503
402 802
233 707
204 844
327 283
280 610
762 664
755 703
184 796
677 757
774 643
147 137
773 878
478 671
153 925
643 293
119 667
595 299
839 590
746 620
189 477
336 360
489 241
912 737
867 936
615 233
502 229
802 406
196 532
294 643
430 477
337 634
714 905
308 394
321 101
205 764
762 162
628 679
505 814
972 102
779 991
326 934
320 324
940 319
720 709
832 312
911 343
999 303
805 898
358 136
742 284
662 917
334 243
582 499
746 174
761 738
471 242
395 188
278 263
719 552
877 620
271 463
689 234
960 644
348 424
750 504
915 254
218 984
819 518
951 501
717 915
793 374
256 934
793 721
829 582
839 142
242 454
885 388
539 845
311 719
560 909
898 596
473 783
104 957
936 773
994 417
471 132
729 722
868 855
428 923
465 985
708 333
517 326
788 328
525 171
624 414
963 656
868 543
707 529
438 781
807 917
290 870
300 995
564 957
683 438
468 552
901 418
274 919
130 829
197 475
290 263
313 228
914 375
169 605
245 832
154 320
397 987
785 432
871 150
425 822
704 250
996 812
590 238
430 550
609 793
463 220
513 843
877 509
724 838
558 680
114 988
939 884
915 570
675 137
225 229
821 373
375 779
148 707
133 424
365 365
267 140
645 596
668 223
896 657
397 742
636 302
906 830
501 638
568 530
339 524
729 735
413 424
565 297
655 408
218 593
458 490
669 437
195 160
685 960
276 962
380 246
503 406
531 560
820 844
924 298
756 788
933 914
249 336
339 242
989 743
965 622
306 118
513 544
715 795
321 582
226 410
571 635
206 968
793 931
615 672
428 953
810 110
998 441
146 379
390 949
599 672
639 357
579 361
606 727
424 924
475 262
352 796
575 782
645 414
789 249
178 257
658 637
319 472
226 418
379 168
798 192
253 916
345 393
381 473
410 105
884 143
735 948
142 489
391 798
341 253
121 387
694 356
449 396
884 790
779 602
414 532
359 479
864 232
836 271
661 279
756 823
769 246
899 394
792 510
538 533
548 180
595 313
363 128
108 256
938 857
342 409
624 675
256 175
818 333
228 555
981 663
536 687
937 338
480 586
261 387
325 678
678 606
770 499
386 631
251 244
395 611
249 621
613 144
761 353
575 733
731 815
923 550
137 691
966 645
789 176
439 999
511 259
476 560
817 269
896 440
794 564
883 288
214 121
239 595
657 180
638 862
673 434
637 832
845 626
932 602
535 720
274 662
795 567
737 177
477 433
470 138
280 686
381 786
819 662
623 208
499 148
802 688
466 719
894 354
848 230
712 640
537 493
607 841
884 250
229 987
406 832
413 128
568 973
602 871
533 488
210 720
853 346
917 125
221 349
952 648
544 742
968 791
885 849
275 601
325 189
878 960
118 601
310 712
196 754
396 239
132 154
512 247
663 992
636 904
305 579
432 376
599 152
480 846
635 953
274 632
324 378
662 108
497 732
866 611
614 632
520 715
182 390
383 851
485 406
270 184
615 928
798 454
600 739
740 844
551 319
512 398
144 924
320 264
580 898
804 459
665 399
122 700
121 607
577 361
676 966
497 635
921 175
364 786
203 788
432 181
861 884
742 572
849 575
158 391
693 660
124 589
672 128
566 856
412 186
800 399
920 309
625 107
920 593
495 705
536 256
962 994
320 789
677 208
181 871
957 798
668 338
195 144
914 920
325 117
989 215
879 317
315 836
361 291
126 611
334 341
216 266
916 225
545 846
657 371
316 607
272 675
798 157
760 566
882 861
672 733
823 766
623 865
309 946
444 232
754 202
363 117
236 766
707 514
392 920
861 371
158 928
952 813
103 653
602 984
560 968
141 267
439 746
108 974
751 460
174 272
534 627
334 996
524 416
461 475
331 158
875 936
426 702
892 235
158 903
495 472
785 751
392 349
277 501
118 695
851 189
869 821
736 738
334 938
502 662
720 446
125 544
606 501
546 369
621 925
476 851
801 910
631 234
152 996
828 810
894 957
498 563
425 812
621 123
867 113
194 694
416 525
954 684
652 138
758 939
869 949
181 456
506 282
530 161
524 307
657 849
155 305
988 825
400 988
452 919
560 728
897 460
899 867
515 277
575 435
433 988
214 268
742 603
603 142
673 100
354 855
625 867
478 549
237 776
672 323
972 381
747 766
232 500
795 615
315 630
404 852
511 198
792 145
333 872
920 499
647 695
847 965
766 531
418 716
725 680
124 797
654 158
711 836
438 981
939 390
702 555
117 766
909 844
670 447
820 853
794 916
558 847
592 868
718 760
321 784
521 954
611 689
443 876
373 665
983 897
862 510
668 908
322 629
160 954
678 461
233 100
544 537
984 119
516 985
551 454
445 232
361 584
325 976
228 887
552 699
273 533
158 592
540 520
533 370
415 413
215 613
287 588
707 429
257 971
599 923
922 460
306 413
442 146
562 332
164 169
292 799
274 895
815 200
646 169
557 636
446 219
215 263
515 277
438 926
188 957
543 285
842 630
810 898
193 637
463 261
528 453
442 471
829 714
620 627
557 649
216 671
410 308
579 892
761 508
519 715
682 868
519 550
369 161
682 923
688 571
860 264
221 343
734 692
925 185
181 608
449 266
778 809
987 852
705 814
300 158
542 892
285 402
515 813
756 539
212 389
698 128
488 873
819 796
504 344
767 865
970 829
366 599
885 889
615 544
863 160
552 352
392 991
309 709
868 661
770 390
516 865
525 434
338 822
346 959
256 577
109 218
677 806
551 771
631 980
972 524
867 794
850 360
600 686
876 424
762 660
729 924
634 481
738 432
625 186
858 516
834 277
464 462
380 417
868 233
721 910
177 561
791 427
415 335
175 216
258 590
101 188
870 576
701 874
996 171
220 665
469 872
259 659
256 933
559 538
117 599
784 514
815 244
330 164
415 309
675 625
593 422
390 350
490 179
353 426
507 173
871 285
145 814
903 114
274 363
440 858
639 473
688 334
640 432
544 651
174 515
661 869
248 225
491 203
856 205
995 309
842 201
953 460
317 804
680 465
991 515
202 952
541 461
930 733
576 601
335 455
201 996
406 416
575 551
481 356
160 312
265 379
122 630
808 861
899 691
704 415
277 640
628 934
353 149
929 946
141 493
524 732
928 946
518 313
672 928
207 523
672 485
609 272
387 750
787 569
234 279
866 241
285 325
328 174
857 676
718 702
229 301
284 743
236 111
683 363
238 832
767 227
583 421
930 862
212 338
918 849
620 834
687 399
263 653
410 286
767 983
247 629
203 109
229 890
233 535
985 258
302 680
592 476
107 244
813 137
162 573
318 132
621 230
515 432
998 881
453 875
664 869
163 449
840 688
166 176
320 133
793 202
390 895
774 348
582 764
673 835
203 135
289 256
663 217
884 992
897 843
360 148
496 530
276 532
260 556
220 659
978 339
894 672
123 151
284 843
401 633
765 592
207 614
936 302
371 460
961 663
205 224
386 118
429 317
381 355
821 407
173 740
289 631
780 346
358 533
766 760
734 458
752 653
534 384
290 333
336 513
975 400
259 442
604 102
246 916
537 784
260 385
379 185
773 518
423 184
346 166
899 760
691 837
363 732
378 816
920 837
336 870
551 150
815 172
736 332
480 944
861 792
979 169
916 527
482 680
672 805
247 976
166 782
250 397
574 647
657 842
930 570
826 137
695 527
515 301
575 407
640 726
563 484
338 237
119 683
808 270
887 196
788 617
507 721
183 946
740 187
559 761
234 753
284 838
404 260
266 925
939 325
600 541
288 516
716 276
945 622
517 690
171 859
448 639
396 262
935 787
405 908
283 891
344 835
735 215
495 290
342 786
876 792
375 343
240 211
113 154
364 861
189 614
483 399
667 190
575 910
249 992
365 169
481 622
220 261
575 250
550 312
174 702
260 997
840 848
569 872
954 882
166 625
154 977
558 936
238 234
451 716
801 533
806 821
321 695
773 790
296 566
732 123
565 382
841 858
542 459
562 352
455 219
757 247
989 887
308 454
132 741
259 566
394 232
865 849
747 937
332 431
145 836
990 121
887 561
246 279
987 377
185 116
221 312
425 188
849 908
635 478
358 905
244 884
283 643
995 762
939 476
661 161
142 251
164 492
819 228
203 248
342 136
659 642
734 160
447 561
774 829
762 234
886 496
813 230
371 443
368 321
424 942
789 239
515 503
810 851
615 917
983 176
769 136
809 623
157 600
496 994
759 934
999 496
585 498
391 673
964 448
985 937
393 673
922 156
876 501
826 519
377 425
667 816
319 416
556 902
640 186
992 809
142 660
748 902
470 334
744 971
206 923
369 664
756 155
776 763
346 370
420 124
984 467
268 328
952 614
289 411
501 609
500 425
586 324
540 563
290 665
602 836
373 302
714 283
253 881
388 944
879 222
223 948
509 586
848 370
567 109
348 566
522 550
771 634
878 283
280 193
554 951
549 422
236 796
397 930
586 854
759 637
597 247
315 903
836 758
990 868
674 303
203 546
154 996
455 215
102 999
591 774
941 170
816 654
486 665
342 918
988 484
386 588
797 322
583 683
619 417
979 968
699 608
942 465
924 558
258 752
284 742
899 1000
679 657
725 412
296 966
873 994
740 720
392 908
852 889
136 540
749 184
356 685
353 679
296 852
903 451
490 645
990 809
781 763
362 219
582 994
203 520
469 911
278 730
835 646
959 956
485 961
229 942
876 963
411 651
158 530
818 269
464 395
148 818
267 127
675 888
749 199
310 119
856 932
231 954
162 433
760 128
901 758
932 345
402 564
938 437
584 284
109 102
684 723
235 448
395 459
495 185
917 462
116 380
588 991
259 329
857 829
438 569
710 908
734 894
209 257
805 622
386 656
600 973
988 540
537 231
757 221
287 546
808 406
137 540
322 124
198 888
303 868
779 941
674 569
432 256
183 542
779 541
626 449
203 287
638 938
730 208
380 363
917 365
441 284
996 449
147 580
776 105
191 312
691 473
853 558
453 238
993 219
541 121
953 662
665 197
259 792
178 123
944 656
650 889
698 139
757 371
453 352
603 470
912 994
782 848
907 495
358 540
652 554
614 764
279 571
542 183
302 232
317 580
200 382
789 674
509 671
968 762
990 313
901 771
724 211
586 389
660 895
829 811
455 184
562 987
173 220
134 730
953 147
574 400
506 883
984 717
995 356
871 110
101 308
525 530
181 538
450 829
496 324
898 401
467 567
483 214
880 453
244 295
367 771
403 923
680 180
176 694
549 945
441 805
881 612
637 921
328 825
266 213
234 903
721 154
610 612
963 290
857 470
829 236
246 464
263 466
656 425
498 173
167 921
747 511
351 650
215 550
360 909
863 609
124 152
792 516
704 793
666 891
440 885
300 648
844 941
354 984
404 451
385 106
424 575
641 808
527 699
830 865
151 727
681 787
854 906
647 373
304 351
235 411
133 724
267 323
262 503
299 196
274 357
489 368
725 742
979 365
661 965
180 842
366 289
634 315
111 775
301 164
187 603
399 912
652 933
873 262
707 295
569 487
726 199
573 851
691 870
556 859
642 578
496 770
921 682
924 827
439 600
349 126
306 806
913 135
908 161
254 789
617 587
616 182
294 240
257 695
849 467
906 463
356 454
443 821
911 485
294 406
171 712
869 579
702 206
687 694
223 301
427 592
343 339
680 893
165 699
173 567
879 570
120 343
151 824
361 482
149 619
200 483
964 185
190 946
725 408
262 923
296 163
323 275
597 928
583 818
385 689
174 523
889 372
552 727
646 535
148 334
572 642
495 335
222 366
866 809
352 962
822 906
990 705
255 953
170 352
409 425
604 358
947 226
855 168
188 766
431 374
982 123
243 362
722 257
218 104
814 403
774 151
104 796
508 339
773 977
967 517
921 386
565 447
512 865
291 842
441 749
865 695
501 658
774 634
120 293
701 366
966 501
216 781
103 867
311 200
369 317
889 809
709 449
764 748
271 382
168 159
961 910
659 116
649 426
699 368
974 417
297 596
845 476
535 280
586 851
535 456
890 322
538 973
667 754
253 418
772 465
447 639
132 119
536 840
522 713
188 385
833 944
727 637
946 582
513 289
751 205
100 695
228 159
246 836
594 730
323 460
603 766
831 149
744 972
471 307
375 514
288 755
886 441
640 228
293 720
446 278
935 425
483 640
355 209
777 410
162 396
541 455
350 743
214 730
395 787
458 943
567 147
481 408
723 164
879 191
101 179
819 447
691 541
901 829
292 654
375 415
542 512
535 164
191 517
435 402
245 748
715 583
190 612
324 247
701 440
748 433
835 230
947 880
429 818
675 905
651 572
826 399
601 622
960 559
676 240
985 481
228 984
733 373
334 368
524 456
776 256
183 830
168 769
922 599
179 555
119 379
284 847
182 264
618 426
714 238
865 829
255 532
770 786
303 590
270 679
886 681
689 933
397 801
201 889
956 499
691 505
174 532
934 568
217 895
772 473
720 978
471 782
352 952
347 513
636 789
186 920
775 646
879 403
330 606
584 672
901 597
652 919
831 101
572 828
366 727
431 794
128 365
736 486
459 186
921 492
206 857
377 989
677 888
234 917
624 110
638 825
206 407
198 715
889 577
877 341
437 661
451 533
808 256
268 240
834 636
841 638
140 527
371 665
949 362
872 907
650 800
606 642
564 365
248 816
118 490
221 736
223 354
291 247
538 726
324 335
777 357
849 674
923 772
279 704
713 804
213 986
978 603
421 907
615 437
993 105
321 265
151 827
126 420
725 305
680 237
726 118
438 311
591 645
205 807
163 271
401 492
657 475
112 255
834 806
365 471
998 524
679 669
193 179
449 765
198 371
872 218
642 641
595 953
576 549
578 560
219 124
884 405
530 691
453 521
305 709
636 591
173 918
320 378
270 870
766 750
986 389
988 764
991 168
956 204
162 895
715 571
458 525
338 106
973 391
880 168
469 835
643 366
326 107
404 100
394 569
212 183
490 621
412 303
853 945
373 152
262 513
982 667
639 733
373 179
779 603
788 760
808 127
895 165
646 800
121 567
754 220
869 342
373 640
647 461
136 947
192 733
465 258
636 828
154 573
890 921
264 663
229 873
131 720
916 396
397 242
483 935
823 446
718 831
475 254
505 394
573 444
183 514
441 133
215 742
684 794
162 683
840 400
660 410
230 671
110 694
493 484
485 945
704 339
295 270
874 608
279 921
895 740
225 959
868 664
985 766
124 755
281 793
244 707
900 818
572 913
275 362
752 413
638 744
955 345
647 491
637 773
562 512
447 403
262 620
603 305
674 894
704 204
483 933
724 433
482 427
211 429
359 996
921 163
740 435
394 834
257 642
542 758
791 157
451 360
856 416
269 265
664 197
696 176
484 961
497 799
296 399
896 116
945 726
161 388
136 624
401 895
623 288
427 787
270 481
550 128
334 935
880 643
784 684
320 143
305 902
960 936
825 509
965 964
320 954
769 477
250 976
687 282
972 169
698 262
958 157
206 893
180 180
633 723
796 886
112 218
294 422
741 710
725 480
833 176
386 171
512 726
734 607
600 804
353 223
593 309
737 187
700 613
318 615
511 410
622 653
159 804
453 583
782 250
218 967
214 580
600 894
630 641
995 907
997 311
825 383
467 153
290 712
826 790
693 642
758 798
735 790
713 118
911 164
509 239
504 959
943 234
565 877
656 107
456 723
233 129
958 949
582 891
329 565
533 531
617 378
756 317
425 241
669 452
294 495
776 177
291 334
616 488
708 378
616 613
175 467
188 781
535 678
180 215
810 221
122 882
162 203
127 204
963 519
103 497
906 969
257 783
687 469
563 436
463 847
638 233
877 390
912 398
174 422
539 400
640 632
418 277
710 424
964 360
145 946
407 366
437 683
573 465
209 953
351 655
205 577
858 246
634 267
430 480
819 567
883 214
460 139
353 917
693 705
753 978
502 412
113 411
359 599
795 166
184 574
482 245
623 969
880 691
216 572
364 716
467 229
435 383
586 194
345 280
529 251
347 379
873 471
635 908
136 905
641 495
978 146
146 916
155 976
908 682
988 529
110 454
192 603
725 317
959 488
228 195
600 243
606 692
827 727
990 185
467 649
615 771
527 429
638 485
716 740
803 307
891 332
406 225
505 864
806 650
216 481
208 640
598 939
346 560
289 389
231 795
840 843
875 625
982 147
650 908
173 705
233 313
155 891
227 194
370 678
140 153
876 343
612 997
294 743
139 429
324 950
126 190
461 165
143 958
121 379
943 579
192 564
962 686
757 746
517 506
947 515
585 430
562 605
372 889
227 367
504 110
284 975
728 756
791 788
916 345
262 476
792 742
185 789
460 551
158 869
799 669
845 249
664 137
391 834
741 930
717 571
464 323
266 911
696 384
284 104
883 819
513 299
319 966
812 282
163 111
953 363
187 113
865 251
969 543
463 184
136 218
243 485
957 812
858 902
512 370
693 580
447 117
776 830
369 326
508 150
249 826
202 900
118 601
160 105
885 435
766 815
972 223
617 140
534 683
995 145
983 535
697 573
105 387
915 338
889 735
266 548
681 664
628 929
808 667
510 631
349 515
549 675
761 845
256 589
611 559
591 723
407 917
484 290
839 494
218 442
180 923
308 819
181 511
252 110
320 917
515 728
637 184
426 315
861 132
394 643
451 840
314 166
151 225
544 747
940 321
305 534
805 739
776 711
215 876
699 302
865 350
811 953
391 354
804 728
607 514
318 484
359 874
587 143
635 875
123 342
454 754
853 884
332 559
833 757
839 495
600 472
203 484
797 202
408 305
548 134
789 146
542 979
364 239
212 409
112 905
334 540
268 322
987 651
762 707
791 192
287 223
104 659
460 275
160 706
973 250
729 998
786 735
878 689
270 806
732 665
183 288
408 693
395 230
236 1000
504 971
930 424
746 440
246 281
352 779
795 890
625 958
419 661
945 120
881 252
196 566
298 513
769 192
338 442
272 571
164 776
551 355
608 536
689 962
493 742
198 168
793 109
521 324
830 665
272 575
295 545
238 168
919 974
210 633
446 411
766 923
954 994
294 410
950 430
658 740
295 367
173 193
268 306
470 511
247 765
416 410
194 840
398 328
614 232
856 188
341 899
740 320
386 776
725 277
214 473
375 500
765 551
688 304
887 794
109 195
715 509
699 454
983 483
939 181
125 120
805 457
564 210
980 387
289 544
167 121
560 359
196 288
325 225
546 539
740 919
829 616
656 430
453 512
409 473
524 479
509 270
337 786
390 686
769 483
895 548
458 738
392 143
715 334
358 127
870 630
575 820
730 949
934 809
311 873
378 736
341 915
750 447
734 685
331 251
902 449
571 739
505 153
805 305
275 438
331 284
262 604
767 402
213 873
883 908
990 983
881 196
401 728
991 197
433 416
955 242
609 289
565 346
170 457
346 483
920 345
418 973
524 727
108 319
748 143
874 386
312 348
727 531
355 205
870 627
728 626
685 357
602 503
186 999
518 533
916 454
425 930
774 735
434 869
360 338
772 950
566 165
664 938
397 255
973 791
527 980
191 295
852 280
585 673
456 555
155 240
573 545
954 832
450 796
444 747
338 827
876 858
547 902
232 391
609 215
242 101
267 281
573 521
830 640
438 225
185 905
266 884
135 140
679 676
216 210
148 754
764 492
605 739
249 333
586 456
238 154
795 305
851 245
527 280
655 478
876 260
709 998
878 161
723 779
328 262
744 865
537 854
451 526
485 945
698 372
931 672
500 533
685 452
409 889
458 614
504 297
160 470
742 947
381 403
525 989
160 496
755 324
793 422
387 906
126 227
274 461
624 491
235 725
409 830
448 668
286 187
169 338
952 487
803 463
324 365
320 676
994 564
808 137
785 475
909 135
474 767
338 128
460 881
259 919
938 237
475 187
925 513
405 962
591 899
375 422
983 773
668 148
505 287
330 761
379 606
624 149
688 148
248 742
508 790
903 718
269 630
959 124
262 913
381 195
605 641
221 586
799 806
675 486
887 567
513 946
517 487
826 644
383 353
904 533
674 461
865 419
265 747
123 968
146 793
585 733
183 444
101 542
396 250
696 788
161 474
309 591
750 133
644 341
671 490
799 818
657 114
336 503
715 969
215 914
547 496
520 599
743 890
169 484
338 442
301 391
893 280
934 604
722 466
969 310
930 722
314 939
967 132
486 284
235 961
734 926
675 222
312 407
478 607
555 125
581 679
380 866
268 471
684 372
297 685
900 739
334 665
945 501
888 269
378 487
863 170
140 120
731 479
277 558
183 132
220 111
722 925
386 455
839 643
149 452
125 986
778 539
872 805
219 744
210 342
949 515
300 563
204 977
508 128
972 518
504 798
562 920
392 732
739 297
489 150
933 352
872 951
326 108
847 731
536 649
525 809
682 461
421 586
580 103
639 630
153 820
605 695
843 860
263 635
948 418
167 877
111 673
833 716
413 363
767 961
944 894
747 614
137 631
813 894
473 839
322 709
185 964
597 961
120 785
334 578
258 709
841 751
574 625
928 330
151 344
494 372
734 573
532 466
804 504
872 801
987 301
692 440
546 616
875 815
461 118
627 654
113 192
919 332
322 406
957 954
109 678
845 766
687 106
308 264
625 986
300 371
725 260
709 302
426 382
824 566
461 975
569 252
627 918
557 762
366 512
810 462
798 927
735 789
139 869
432 452
439 212
462 708
463 569
880 201
282 488
935 769
934 595
780 704
661 499
324 484
853 739
634 978
198 219
775 875
745 544
357 468
820 525
964 672
897 533
998 236
174 568
392 503
657 218
874 664
121 637
712 812
585 802
764 651
427 762
735 915
184 208
521 693
185 129
644 955
130 335
445 285
195 195
999 531
284 265
792 120
333 728
136 173
208 178
156 784
742 825
356 336
592 648
948 398
572 638
402 912
842 965
615 636
677 747
440 610
926 394
324 279
482 778
508 953
803 257
353 284
328 314
873 898
724 195
116 948
302 498
491 952
168 940
602 755
755 384
324 806
119 349
628 367
501 959
734 417
273 618
853 475
530 124
292 843
252 351
162 235
847 829
819 642
831 647
633 133
193 506
652 819
810 376
274 353
598 752
599 562
170 939
336 188
388 408
950 837
675 462
453 302
697 693
324 801
641 635
392 129
880 407
866 571
498 751
520 302
247 233
713 561
486 450
849 249
779 886
625 801
510 538
567 179
335 417
479 309
191 137
778 669
639 429
424 303
154 470
368 959
777 717
710 458
817 839
106 307
984 533
193 717
281 757
709 899
639 244
897 596
466 218
451 658
358 956
528 212
521 554
950 866
153 534
201 885
128 522
294 139
548 172
379 646
462 279
973 458
519 628
941 516
608 332
473 354
450 770
378 951
548 362
630 977
228 632
363 113
916 738
1000 848
420 941
402 725
166 448
550 901
153 244
746 988
469 824
228 135
660 498
893 630
262 262
852 558
426 112
993 621
746 382
846 885
710 924
508 275
366 736
1000 112
400 358
986 960
408 708
994 401
593 998
575 751
882 104
521 995
859 313
739 129
563 368
981 492
562 532
807 308
247 339
318 531
469 122
686 909
288 369
495 251
308 967
136 637
891 118
923 703
615 927
997 841
991 286
459 680
857 813
782 213
700 548
239 660
635 782
352 342
997 337
558 407
883 585
947 791
860 494
274 873
523 470
879 898
854 302
278 274
230 644
1000 260
222 699
149 774
378 218
221 119
864 526
339 155
645 765
338 324
312 788
756 949
280 141
285 162
899 419
232 892
112 739
352 660
741 855
614 418
107 735
534 585
981 723
686 567
493 308
568 584
768 426
426 365
698 283
864 842
284 859
936 582
554 859
143 892
673 617
830 936
650 745
384 310
668 816
869 973
922 925
724 303
223 983
265 549
733 298
332 901
749 430
628 260
281 893
645 121
547 206
321 735
539 342
687 449
766 928
357 841
938 255
163 670
201 246
915 432
335 391
214 470
286 658
519 586
707 241
289 781
208 339
439 595
590 397
325 726
679 694
510 621
242 784
234 788
702 176
575 190
575 971
891 173
548 415
287 406
722 831
924 490
756 117
653 190
978 131
756 921
476 218
853 184
696 346
531 748
536 997
921 675
488 195
946 480
166 612
793 796
217 519
782 728
430 517
206 705
390 144
472 469
388 180
184 250
393 518
838 387
116 806
651 322
316 761
659 700
456 145
201 219
948 906
504 225
397 719
115 611
813 481
464 810
473 238
387 331
298 346
325 771
750 930
238 272
467 544
603 361
977 895
419 813
709 534
316 458
692 901
545 943
855 555
774 295
929 159
190 253
623 213
136 708
765 328
679 502
128 976
166 331
531 280
209 483
743 498
128 479
714 979
159 382
717 389
786 909
893 182
923 792
345 487
345 402
202 825
412 217
792 944
519 406
539 352
728 799
924 424
871 251
836 470
161 784
954 503
118 205
196 646
893 313
402 823
449 253
612 348
849 702
156 363
939 192
568 796
806 273
402 419
901 203
368 194
581 924
270 349
353 113
607 980
511 992
784 747
191 565
878 265
422 354
313 644
698 575
156 870
707 551
571 183
550 213
784 709
154 229
616 715
670 435
704 451
814 834
640 422
275 606
910 840
135 948
737 917
130 518
872 183
895 463
591 378
398 527
482 651
279 682
487 889
788 289
868 729
317 323
914 224
495 296
861 805
873 427
847 328
820 212
283 935
657 848
908 298
568 516
717 652
225 146
521 769
409 447
905 796
635 614
888 498
717 214
570 780
343 629
354 315
714 840
815 544
263 639
922 770
191 128
651 315
515 654
494 210
743 754
859 562
444 519
762 553
896 795
500 687
502 760
254 501
612 200
282 713
202 327
469 322
676 254
279 149
175 930
788 405
394 211
544 806
646 861
446 888
714 852
473 466
130 316
730 415
326 197
977 258
703 892
962 499
296 922
741 927
883 941
378 202
150 366
900 751
754 696
976 926
314 410
653 803
649 587
479 197
181 953
569 672
435 350
962 195
317 987
105 643
199 845
799 291
543 937
739 928
119 840
934 115
196 474
398 702
342 726
682 487
310 116
390 844
643 810
497 565
824 559
644 538
797 823
302 408
923 909
527 885
908 649
962 192
369 257
526 922
504 792
168 331
269 785
517 396
456 632
735 390
850 138
639 426
701 875
427 749
272 972
330 753
759 216
961 957
284 609
648 145
378 870
792 445
783 710
722 178
666 131
998 747
315 230
287 103
258 906
123 241
686 877
716 230
1000 214
110 679
844 885
886 441
640 774
381 547
656 880
651 268
627 606
405 373
550 801
137 713
198 492
399 694
716 387
773 770
370 218
348 363
174 448
516 567
962 739
669 463
517 232
865 772
262 532
533 978
940 134
349 185
871 734
358 720
499 333
894 208
968 378
497 964
503 687
262 592
848 545
989 885
219 705
355 264
631 273
264 319
289 771
463 827
641 542
815 795
157 290
605 478
686 550
824 571
883 750
398 908
213 284
946 953
409 856
675 201
586 929
850 327
552 207
403 649
731 476
486 712
262 590
700 493
745 877
562 847
901 420
221 526
591 224
961 971
548 572
745 556
580 840
959 472
704 867
892 399
375 603
495 642
518 926
237 235
890 898
574 514
474 201
949 308
343 329
492 835
578 195
484 327
632 873
199 158
703 720
748 551
663 416
266 969
245 648
357 289
512 899
776 332
428 621
468 680
106 523
848 708
151 372
250 207
197 565
167 486
654 967
107 306
366 507
396 232
363 507
299 420
679 572
187 685
418 644
875 531
929 694
494 336
843 438
747 393
416 403
344 494
242 506
494 954
615 211
662 537
778 419
952 779
809 385
297 293
987 762
718 451
933 983
854 249
429 757
170 255
355 192
267 548
457 369
595 707
780 178
890 259
250 823
157 536
148 456
876 384
732 231
512 801
143 716
690 624
523 347
358 997
196 365
550 621
489 290
481 241
606 302
348 389
951 148
510 592
456 178
549 872
244 570
610 954
843 818
389 179
496 441
520 650
841 199
1000 718
930 237
144 868
710 904
147 843
681 668
688 435
264 568
324 257
409 115
705 557
792 291
825 178
197 193
646 194
652 822
502 877
403 870
865 723
199 660
708 367
686 784
866 398
927 154
1000 762
837 921
334 613
610 865
350 913
866 102
196 259
572 741
688 816
753 715
913 953
271 948
176 306
885 686
137 141
950 735
971 883
354 804
917 255
547 253
272 598
219 905
461 885
567 879
995 570
724 878
234 269
519 629
656 503
838 136
164 501
485 334
487 910
987 571
826 113
588 638
967 670
559 819
662 791
529 740
743 511
982 677
591 724
792 821
203 489
899 338
756 674
917 944
896 675
413 564
852 747
841 943
173 375
855 765
808 930
221 489
557 117
422 147
174 746
277 872
953 465
317 928
585 164
767 447
800 476
760 751
248 304
598 139
420 258
477 896
953 329
127 513
910 864
915 139
770 441
776 901
867 935
741 542
539 152
413 435
196 545
113 212
573 835
849 355
524 819
667 839
911 208
559 782
331 741
788 327
375 556
243 919
588 872
359 943
954 506
110 815
691 106
138 670
643 790
257 104
493 287
289 573
916 784
507 690
745 267
138 254
504 613
413 388
800 553
401 177
549 969
573 709
135 405
151 850
180 738
247 669
809 539
736 489
863 638
752 443
558 223
783 169
732 741
995 298
567 563
538 578
348 475
237 909
420 685
822 575
368 347
924 386
228 849
189 187
192 449
767 728
929 418
750 148
653 390
634 873
151 563
690 337
753 478
435 760
100 462
972 762
573 110
155 470
101 409
808 915
300 994
554 894
678 747
592 504
552 639
585 497
621 192
370 582
590 903
631 317
704 574
806 850
352 268
401 432
685 778
532 633
288 708
325 293
173 809
883 160
224 562
559 614
898 355
582 994
989 982
256 217
761 575
196 729
439 547
393 198
838 508
115 793
685 749
311 1000
488 758
360 289
178 107
205 393
988 655
148 435
786 993
947 626
898 229
292 247
836 458
440 478
827 254
891 912
788 900
831 878
304 851
587 790
538 540
246 877
758 698
241 730
246 611
939 821
405 605
178 623
920 889
406 188
114 500
354 709
265 491
800 467
509 588
360 229
234 618
171 147
636 524
234 329
696 502
214 112
579 652
157 338
990 321
470 142
755 574
682 716
599 630
330 414
629 810
932 320
186 532
700 446
835 786
446 864
870 639
359 761
223 441
244 391
632 731
242 233
785 146
875 341
756 324
645 884
520 291
550 248
296 890
303 713
633 808
896 538
471 782
985 222
960 165
459 1000
520 524
923 550
789 898
325 756
367 695
684 788
355 768
806 133
586 224
333 516
687 617
100 126
293 722
518 638
134 388
867 260
168 508
150 223
560 660
878 934
549 188
602 786
191 835
567 516
582 798
813 367
757 821
752 782
726 214
300 228
992 351
211 415
709 601
159 939
222 714
240 850
307 209
428 545
246 417
892 344
764 638
834 112
394 810
603 147
490 920
684 566
867 139
233 608
359 273
653 953
596 463
101 942
402 570
822 878
997 837
516 495
771 982
649 744
954 142
399 342
871 430
932 869
449 660
946 225
290 647
631 239
550 655
787 621
948 189
943 575
761 281
983 668
946 216
668 966
932 629
897 135
943 433
952 933
334 235
442 662
442 697
667 216
844 808
188 221
570 548
990 232
196 486
335 177
901 249
609 665
693 819
449 983
387 512
578 187
831 711
653 399
557 697
831 235
590 256
630 788
289 619
336 239
762 668
770 950
881 153
363 597
630 126
168 785
767 584
589 970
480 819
866 260
694 189
105 375
613 937
368 566
881 788
376 397
441 605
425 484
647 219
441 752
879 560
358 149
850 354
399 595
222 616
442 409
888 738
460 380
770 413
216 193
603 451
265 158
345 957
579 192
677 757
288 233
248 325
157 491
257 244
655 344
891 820
410 329
684 462
669 805
556 386
867 438
426 733
746 291
100 255
201 300
853 314
192 664
139 806
285 497
972 351
577 943
358 906
553 961
101 741
496 241
517 905
366 747
877 284
521 682
319 821
409 396
258 172
850 897
328 722
932 557
473 758
123 708
869 523
669 169
114 915
219 499
587 302
683 664
699 600
223 377
632 447
409 349
327 457
395 719
362 106
590 271
925 572
927 767
919 226
817 996
950 674
443 529
804 597
209 990
673 900
553 950
935 501
748 238
159 607
524 729
128 125
704 700
736 815
495 770
600 823
190 721
487 506
138 868
457 442
683 167
720 405
303 509
828 925
672 242
973 685
960 586
641 850
887 261
519 463
829 579
612 444
195 595
761 657
196 806
151 377
106 732
246 736
423 215
262 584
269 475
247 609
186 409
927 282
157 325
738 509
392 413
393 910
938 998
773 686
427 341
873 552
398 529
681 838
821 955
284 999
800 194
567 939
490 982
149 616
488 791
194 973
264 938
385 271
953 697
306 229
113 772
249 202
544 657
331 373
872 534
372 121
264 592
538 260
700 226
602 266
391 492
953 564
510 181
459 130
133 157
336 733
549 219
313 593
385 316
449 338
230 681
959 569
985 764
557 834
733 841
823 901
276 878
807 802
494 192
922 542
146 347
617 323
648 720
707 437
503 657
282 808
139 596
597 112
927 469
462 245
649 140
453 359
881 132
646 607
892 473
445 479
804 166
626 317
517 579
342 815
513 375
454 872
241 854
812 653
363 492
757 922
483 207
577 645
194 387
457 402
247 553
982 321
103 374
783 409
877 797
892 868
333 675
219 212
252 356
705 756
306 822
317 553
234 417
651 613
392 691
287 713
821 969
551 282
253 599
547 257
498 802
545 402
892 229
615 646
606 561
637 513
426 116
315 427
363 386
910 503
127 674
522 889
857 568
228 404
264 343
748 393
353 720
741 494
224 603
735 745
891 681
988 295
607 686
385 458
693 683
285 542
168 789
411 188
968 141
837 993
711 972
173 890
644 462
971 975
810 622
549 507
368 814
109 950
496 757
651 211
320 591
117 211
675 339
298 777
724 567
976 422
694 767
734 859
952 596
692 898
423 282
368 166
463 663
734 436
662 781
321 638
657 584
807 426
115 570
711 743
165 521
907 142
449 650
295 320
622 471
861 325
979 469
924 428
219 755
386 577
331 756
663 295
146 217
909 236
527 742
174 103
383 481
282 761
446 564
871 648
575 717
233 229
594 700
911 587
230 970
259 245
738 445
972 763
473 845
267 386
233 774
847 364
411 287
114 962
166 783
314 792
760 774
219 503
194 617
844 668
434 510
396 410
401 870
316 883
481 306
932 704
237 105
765 140
420 250
382 992
437 240
123 991
482 265
554 386
344 780
796 300
526 487
391 837
500 385
726 626
778 852
568 268
293 183
825 898
826 131
445 444
762 775
940 646
392 785
743 955
284 119
497 907
920 204
965 751
142 684
641 589
835 828
913 893
362 800
397 712
892 862
758 439
697 857
351 352
921 644
611 514
727 479
699 188
370 162
958 654
827 712
952 593
631 749
988 168
581 349
335 455
569 220
335 373
423 588
562 720
463 313
286 464
107 924
241 563
631 863
138 494
283 817
199 259
347 648
109 365
470 986
367 709
950 952
907 583
202 607
185 687
659 527
219 926
921 349
150 135
476 397
340 664
412 397
323 589
259 852
980 142
839 201
676 595
540 418
750 647
301 916
380 835
813 731
288 365
912 331
950 976
452 412
440 265
923 335
663 132
402 610
305 332
106 335
239 561
327 601
654 232
743 830
871 592
240 343
803 609
569 960
360 619
517 465
222 635
974 975
544 192
630 284
402 494
873 166
372 798
856 111
649 197
451 525
489 563
127 872
175 655
653 349
526 743
664 355
555 852
399 166
339 874
811 511
826 171
278 296
181 399
404 968
406 486
376 995
108 345
779 248
374 340
574 581
671 302
833 560
278 728
541 901
907 433
237 284
807 638
357 254
441 996
117 946
692 437
561 420
297 521
270 370
248 448
934 555
766 452
516 382
837 936
554 886
887 493
164 143
191 800
514 977
251 277
868 141
505 693
368 185
490 867
852 247
263 155
236 797
614 124
211 120
348 948
252 636
897 431
964 339
810 558
560 381
733 972
944 681
556 851
458 248
839 864
877 857
387 600
498 735
432 464
745 378
695 371
104 283
867 696
190 241
883 676
811 547
934 410
988 156
306 419
793 464
656 254
502 345
456 438
181 179
183 426
892 160
745 151
316 819
642 826
684 930
993 625
216 700
755 125
242 874
303 899
566 116
365 271
882 227
319 504
301 387
671 705
310 237
195 140
132 804
968 746
975 437
577 882
555 250
940 985
620 462
433 220
134 674
499 550
106 809
126 483
464 281
789 370
109 605
313 911
175 174
452 151
465 581
821 654
450 272
492 930
645 802
751 523
581 925
973 385
551 183
709 267
465 397
876 761
471 652
885 932
964 501
465 277
925 546
473 283
238 581
488 769
634 652
288 255
668 335
984 888
993 155
490 823
716 439
872 294
846 539
430 730
312 784
301 642
933 601
732 905
745 376
636 870
119 924
547 940
530 844
575 339
298 369
344 961
668 570
269 163
465 688
631 768
495 437
463 156
659 899
573 396
814 876
352 432
627 624
203 740
887 418
154 569
603 251
967 139
445 310
514 767
349 625
465 512
869 638
556 123
525 188
313 943
722 631
749 102
441 846
338 711
366 736
518 840
681 215
812 711
158 300
806 233
687 790
815 479
375 962
974 818
876 216
625 903
718 194
847 911
260 247
295 924
976 819
389 480
570 795
997 325
662 510
258 787
332 507
589 259
891 199
736 811
1000 673
551 210
417 194
771 378
801 652
653 845
614 340
900 918
439 354
765 916
541 593
511 150
152 433
702 691
826 827
805 728
611 215
559 648
573 589
313 483
979 649
332 876
372 765
724 838
225 743
487 888
897 441
629 950
518 616
306 825
988 283
983 870
567 707
681 829
512 733
779 556
181 117
776 975
406 146
722 786
991 115
855 567
748 470
263 321
340 504
861 299
250 414
134 549
486 122
286 410
335 699
760 577
851 432
940 553
209 496
882 113
862 638
498 288
985 487
877 637
457 822
910 658
384 959
709 126
944 705
460 367
753 469
449 967
251 798
767 764
723 715
204 904
942 398
966 225
707 845
342 373
177 489
576 938
777 306
795 778
313 679
484 306
330 545
666 761
106 977
259 939
714 343
412 807
902 759
661 777
162 976
401 875
426 849
751 635
171 771
606 321
966 869
458 648
177 217
647 449
106 539
950 249
683 643
252 989
163 387
132 451
738 589
172 141
643 155
388 219
226 518
884 348
291 749
756 430
871 609
885 883
239 883
849 965
409 666
653 104
289 304
529 838
952 631
863 227
460 640
840 410
271 739
958 568
362 554
165 989
525 920
273 465
331 430
268 689
748 999
235 253
824 686
171 148
196 262
185 945
735 122
966 653
983 266
642 792
710 423
868 984
519 252
769 150
967 114
534 715
704 610
328 405
315 955
304 565
123 557
384 448
821 344
534 903
107 888
221 809
259 910
922 613
233 101
181 761
821 254
328 144
827 817
123 780
216 926
772 161
973 972
715 987
215 780
543 115
288 781
801 633
1000 804
487 458
962 237
308 625
741 107
998 448
480 126
496 599
953 436
274 359
558 137
460 539
669 340
964 253
898 260
191 123
336 930
945 702
711 399
286 345
394 352
204 125
844 401
938 105
754 980
662 440
595 748
932 180
960 145
904 552
402 719
870 893
237 507
588 148
405 863
515 965
659 476
298 154
176 554
242 330
766 384
397 695
485 725
258 299
451 781
129 597
640 201
421 812
253 346
540 984
832 906
153 286
124 955
495 793
483 718
950 993
423 537
152 296
255 932
682 432
273 103
750 273
371 796
744 572
370 745
316 708
113 932
747 610
583 404
822 668
854 513
929 813
766 797
819 168
227 387
478 810
619 295
669 563
600 142
653 641
346 112
982 766
525 964
942 190
634 506
545 864
315 940
691 984
350 389
270 167
652 343
363 805
325 817
789 714
505 445
445 803
556 581
178 485
263 113
1000 542
178 277
276 915
441 270
672 309
977 840
719 822
712 671
749 600
859 604
599 398
220 861
636 401
576 883
441 124
557 147
522 255
849 566
923 486
644 126
745 143
743 887
253 131
478 386
306 192
552 500
595 659
626 715
552 964
132 155
986 719
238 784
274 425
609 100
873 868
757 317
821 511
122 966
554 197
862 167
386 368
122 177
531 665
443 136
105 308
605 666
822 380
927 719
579 858
628 960
837 589
367 695
457 703
715 902
553 846
472 974
173 995
174 529
453 573
337 548
302 680
298 418
819 771
467 900
175 498
405 283
997 379
194 709
570 322
102 224
283 335
868 676
998 940
752 898
880 909
786 551
589 627
513 413
745 828
765 355
260 270
922 886
136 353
254 192
342 570
436 917
240 196
558 298
761 813
335 519
549 744
441 368
307 721
503 332
992 248
776 212
308 409
771 634
846 533
513 344
307 534
223 833
573 543
171 110
753 452
549 667
999 359
478 968
730 494
823 729
683 458
521 715
141 828
646 395
304 703
642 780
657 607
562 815
954 383
631 969
160 997
114 435
331 145
134 771
118 177
792 610
915 786
386 252
292 786
869 956
722 424
624 150
191 454
666 107
980 648
709 426
109 536
961 344
638 300
948 953
169 192
710 529
508 850
424 395
367 504
134 150
438 725
130 419
692 257
664 449
431 760
121 848
522 143
259 427
125 354
333 684
161 174
115 410
336 164
861 129
863 282
688 728
939 269
818 774
977 669
808 494
809 871
147 866
126 256
702 207
139 439
853 415
487 671
581 109
577 780
647 393
672 987
100 715
524 764
555 695
633 812
102 257
993 391
261 664
657 963
710 564
882 812
267 667
286 742
312 446
538 671
245 737
453 214
253 446
805 914
941 706
981 965
124 371
630 654
308 444
464 171
742 849
915 716
675 377
581 478
893 733
333 298
647 412
117 756
519 400
999 670
575 103
834 562
903 176
236 515
459 894
689 856
357 599
303 578
708 991
318 241
830 457
217 967
111 582
492 612
971 286
638 712
953 125
312 680
892 259
119 532
259 411
608 791
587 299
262 433
147 223
518 300
290 933
733 529
773 255
451 806
454 218
344 750
489 206
251 686
573 225
901 637
353 241
930 176
588 810
629 492
298 981
787 619
502 307
291 767
843 373
349 637
830 241
325 338
157 604
775 934
979 515
746 932
362 430
129 784
617 854
386 352
464 586
131 864
211 753
813 442
406 403
469 694
139 551
880 305
926 686
788 861
855 925
568 541
603 859
722 936
755 237
610 460
953 206
401 960
382 630
179 633
857 829
364 739
660 656
773 671
116 765
852 182
440 616
537 445
111 288
979 739
799 193
250 444
662 981
551 248
973 143
818 493
990 980
164 561
300 994
876 136
346 121
679 497
728 640
267 653
146 735
534 438
712 363
404 249
688 789
398 735
611 549
585 974
591 629
801 177
534 867
568 602
751 251
595 249
392 510
351 797
867 551
648 841
122 425
125 383
310 761
564 942
552 981
189 321
615 933
916 312
508 513
269 283
675 455
408 856
655 432
977 726
523 230
212 375
962 538
939 173
340 981
462 317
475 816
513 206
482 446
594 186
226 223
682 419
587 655
171 346
159 250
274 484
834 153
921 727
112 202
312 638
333 424
988 845
773 233
274 537
770 137
871 283
739 224
422 118
963 707
305 473
220 109
948 548
516 931
102 291
545 700
833 275
592 312
199 183
902 749
877 930
446 734
543 616
701 613
406 603
383 943
948 897
706 920
425 984
140 323
603 825
496 410
674 408
992 880
169 231
704 471
999 452
185 780
686 399
869 630
132 112
986 812
273 692
918 714
845 562
557 764
644 345
240 774
606 351
289 268
892 811
251 699
928 582
446 779
703 337
599 159
559 258
138 891
122 606
290 188
366 716
973 322
204 522
189 486
798 859
138 183
522 212
723 617
678 655
209 699
949 399
280 828
153 952
697 805
554 728
326 411
964 445
961 347
647 681
263 333
852 625
539 500
619 672
941 321
948 184
672 662
174 283
494 382
108 162
200 103
464 482
125 752
233 185
590 912
229 722
219 556
550 143
321 620
125 676
217 507
361 521
862 903
840 383
843 712
877 879
374 736
218 610
676 377
403 848
391 249
127 320
182 498
536 553
975 447
481 847
235 349
479 965
584 451
704 531
769 829
645 796
573 314
928 219
353 975
515 450
755 219
171 949
989 571
754 907
349 383
598 472
886 773
367 202
243 663
277 500
436 261
815 675
469 908
554 787
443 588
542 533
323 352
830 572
928 430
503 782
662 917
883 720
278 924
317 777
188 618
923 341
429 288
498 165
391 305
205 675
740 344
571 971
822 643
135 434
532 454
757 148
339 324
275 822
667 791
735 426
724 360
618 367
336 904
795 543
147 487
271 752
412 720
986 598
870 135
170 864
775 781
289 493
400 392
388 467
674 940
789 555
546 937
676 598
902 419
839 478
430 153
461 915
488 957
690 103
591 185
911 928
325 731
848 633
297 574
987 495
452 722
566 489
610 336
930 991
298 397
260 808
778 578
534 356
374 111
877 226
328 372
653 410
942 462
774 139
578 965
257 969
340 824
420 550
862 876
307 637
811 562
529 116
775 933
193 451
580 679
186 214
244 349
495 501
383 549
267 410
426 104
731 104
950 810
476 599
826 939
754 839
656 635
180 489
205 610
977 972
120 533
222 271
209 623
941 750
780 460
888 554
349 796
531 547
542 401
600 777
229 565
301 493
658 808
795 526
660 835
825 574
932 615
766 225
850 616
782 334
333 752
720 115
805 134
185 989
550 235
887 588
608 961
192 805
589 313
177 568
530 398
435 128
293 602
497 576
887 127
784 230
954 966
673 180
758 726
584 182
256 586
534 275
438 296
389 649
506 923
938 772
534 726
249 850
927 194
958 637
940 299
873 928
458 479
647 602
774 481
979 905
942 125
292 634
978 962
241 924
928 277
885 646
539 626
787 872
990 607
338 468
803 975
464 347
284 566
746 669
779 616
353 403
298 514
199 274
824 919
890 840
741 387
960 324
404 749
321 787
585 815
634 282
362 632
967 635
447 222
857 941
458 903
104 835
494 439
975 173
839 281
210 240
582 187
691 635
516 591
913 562
946 866
993 406
815 638
531 512
341 792
608 454
213 613
778 190
552 312
658 638
706 371
229 113
147 928
453 974
559 757
714 942
910 163
156 682
955 835
595 460
988 285
424 704
945 644
489 242
396 760
441 238
993 222
494 490
109 870
393 207
912 329
272 722
729 322
834 628
520 450
798 473
597 567
763 477
682 587
328 207
243 990
444 856
894 712
707 127
890 555
717 837
163 100
854 778
844 363
393 255
815 186
360 966
434 262
681 614
407 585
916 647
222 265
272 660
123 424
298 594
900 732
181 800
527 455
947 715
910 837
636 990
564 825
804 167
373 769
651 479
801 437
290 785
363 750
464 967
730 265
524 963
449 909
152 620
872 630
215 916
196 464
428 553
730 657
631 510
476 256
101 967
334 773
533 663
374 778
142 836
312 249
419 326
868 902
292 128
900 503
804 162
877 900
991 214
281 681
380 852
221 159
777 718
733 385
949 560
747 905
502 814
601 582
943 746
206 858
440 297
801 868
462 408
434 134
901 844
444 860
853 287
803 929
546 897
638 518
711 243
461 875
306 358
922 619
377 826
492 629
569 643
684 568
487 320
929 756
779 352
450 431
947 180
698 989
271 524
533 597
942 104
599 868
876 908
910 736
546 648
279 687
632 252
426 529
494 478
632 942
695 615
815 345
682 885
928 519
617 926
445 981
209 104
163 155
243 993
981 559
684 907
101 608
934 393
778 143
518 986
700 157
237 843
580 475
304 940
419 511
331 207
223 285
669 147
471 645
999 104
186 235
601 616
973 189
542 723
260 115
238 463
511 866
376 559
188 218
326 856
252 302
109 842
956 177
754 272
185 797
366 901
289 147
288 756
266 160
415 175
821 363
716 726
526 452
778 968
793 837
769 617
740 133
162 352
938 178
779 187
330 911
161 296
801 880
979 716
111 880
264 526
464 399
594 674
647 516
906 331
613 491
311 537
696 259
796 351
623 233
778 599
742 764
839 687
656 809
674 136
164 164
520 927
830 642
392 124
660 477
830 722
908 293
167 626
359 406
513 498
858 698
162 349
935 593
883 536
316 796
257 442
985 377
681 404
760 951
258 993
338 895
748 415
429 984
362 987
297 144
135 672
173 215
929 212
690 463
828 803
758 396
216 334
104 464
110 186
860 531
757 637
794 520
891 1000
229 766
561 400
603 174
562 137
902 999
411 918
381 573
734 502
100 204
168 658
613 325
594 599
792 882
666 255
463 899
601 348
315 976
343 283
391 447
712 646
857 209
151 819
319 534
961 617
839 259
375 837
647 734
936 997
682 133
549 145
213 104
629 793
204 783
987 931
296 238
334 735
217 762
305 926
259 740
935 868
170 348
303 891
134 815
168 408
860 241
391 568
196 123
116 416
489 282
425 817
210 966
626 896
303 696
761 405
859 252
452 299
360 362
585 120
955 720
594 823
853 337
525 738
616 988
540 468
890 852
261 547
667 828
596 374
358 431
751 433
137 331
299 938
564 462
821 147
717 737
678 348
229 990
894 406
937 231
366 120
224 155
353 784
291 749
502 293
986 749
175 457
399 404
550 115
487 354
339 390
105 874
231 671
596 726
295 192
142 970
882 688
979 643
952 965
113 667
945 480
390 883
405 924
677 857
628 689
270 438
538 562
780 850
614 634
850 713
549 279
508 596
966 292
666 530
611 881
293 592
996 855
969 778
245 921
510 337
214 828
922 984
355 870
404 958
460 506
989 805
883 972
138 473
665 796
734 861
397 634
151 481
428 770
642 204
899 624
663 937
547 363
208 218
550 221
137 317
796 597
308 875
123 575
611 596
485 168
290 570
510 615
820 716
291 832
697 990
823 465
569 739
375 375
425 182
123 748
384 666
779 814
986 116
314 499
846 510
251 322
613 163
167 107
171 596
841 221
610 514
268 754
510 265
532 536
253 810
795 825
948 352
685 921
384 120
818 939
789 493
700 823
177 205
680 212
862 509
428 304
377 692
384 139
294 941
683 999
719 886
202 209
679 330
412 621
725 390
940 435
263 524
391 472
743 173
957 422
912 766
461 670
224 643
494 194
799 283
247 369
464 501
802 792
813 677
499 184
727 568
345 828
939 131
448 674
991 551
191 512
386 610
399 385
454 107
801 929
436 661
684 492
548 640
123 702
521 844
963 395
618 130
284 365
267 289
977 987
479 636
633 217
704 554
154 709
130 558
957 644
411 886
795 416
605 277
590 705
163 530
279 343
545 679
449 595
625 718
290 319
145 206
277 400
135 512
542 374
399 793
625 939
413 327
560 277
204 459
624 880
265 607
540 200
996 383
163 362
328 636
362 313
144 401
114 443
472 642
837 992
758 309
421 229
853 517
305 283
614 418
943 603
210 434
414 812
944 450
152 367
433 470
464 634
653 645
997 754
725 378
203 775
825 812
685 404
287 531
545 523
700 1000
571 749
791 720
744 443
413 330
129 340
224 564
168 255
711 842
654 600
824 842
106 671
569 986
552 846
986 766
102 475
382 176
650 610
371 409
849 549
263 904
257 525
456 702
389 754
583 602
964 243
783 139
314 653
149 179
593 323
675 741
964 393
264 307
199 239
789 249
888 855
382 105
314 341
977 575
825 912
279 463
536 249
433 320
702 432
875 692
451 227
446 554
476 597
899 504
678 560
305 888
283 285
339 198
758 367
350 268
189 584
872 650
214 886
665 446
503 851
298 698
461 426
864 522
201 692
692 686
994 443
112 415
205 907
451 632
192 973
387 654
454 472
324 991
123 793
606 209
875 128
234 810
640 975
370 194
206 505
653 690
582 668
141 254
411 367
425 759
818 657
970 398
597 994
663 921
793 898
203 107
632 933
443 953
339 517
325 509
881 299
407 450
134 881
473 524
607 946
870 380
471 537
394 921
950 747
683 218
788 955
786 818
330 164
506 985
139 206
387 737
879 706
847 538
662 153
149 295
790 390
338 693
928 368
160 440
803 678
412 206
684 724
305 341
649 690
514 516
733 762
373 569
994 284
254 368
630 416
352 613
411 607
295 687
267 384
651 653
110 798
332 545
