3780 6000
551 671
184 106
964 319
490 713
637 327
758 613
962 779
479 700
223 851
504 294
904 872
236 143
424 935
580 372
627 213
707 713
104 546
748 819
848 677
148 947
353 916
402 296
372 451
386 985
460 719
679 264
179 170
457 967
329 469
412 213
482 969
550 383
144 949
627 179
915 129
723 832
131 622
429 367
590 809
436 702
451 802
480 457
584 491
970 526
608 910
173 166
560 729
255 465
784 763
205 749
453 479
582 938
154 626
259 785
537 993
384 147
518 458
290 381
867 698
476 135
283 241
797 747
442 329
416 616
731 631
566 440
911 974
320 563
622 263
982 256
144 771
458 860
649 353
613 261
219 571
824 502
720 374
937 125
162 504
992 365
800 503
548 700
658 365
790 777
326 788
317 609
196 668
747 321
210 192
515 503
633 759
656 717
732 381
285 276
511 974
952 530
408 546
116 971
110 1000
659 785
713 449
334 667
868 431
691 784
848 894
225 878
359 909
941 877
883 938
310 232
858 801
925 264
830 423
617 201
562 631
936 292
876 588
437 797
760 843
916 204
516 262
265 996
746 581
957 236
604 564
764 368
224 974
260 574
497 588
571 466
774 169
133 901
325 618
130 274
190 440
421 300
355 745
863 756
718 637
629 863
303 891
435 484
594 815
950 341
731 485
877 186
219 424
916 189
761 262
577 795
824 954
254 522
757 839
663 136
363 946
999 593
198 489
248 403
595 681
348 359
388 601
779 937
251 958
434 822
112 186
301 191
201 808
275 998
122 271
885 702
237 703
217 270
874 734
141 496
714 736
877 702
354 684
167 530
375 414
809 418
172 121
439 240
629 495
227 331
253 904
774 868
127 716
954 957
367 336
426 177
669 199
170 640
866 216
517 333
391 634
187 428
640 916
430 676
624 343
437 967
969 990
684 907
708 890
737 881
511 1000
164 349
375 423
251 341
169 744
310 589
747 461
680 897
962 901
146 955
163 343
703 228
507 820
548 775
596 633
526 283
475 143
808 717
720 501
964 655
528 280
543 617
541 744
296 944
718 716
153 341
125 679
705 936
369 991
157 813
791 425
825 613
192 571
730 951
378 980
906 871
485 312
906 599
881 1000
279 813
254 868
308 184
124 602
850 712
679 265
470 780
976 981
599 771
664 884
978 723
149 269
860 452
780 333
877 914
880 628
518 391
427 372
228 395
839 124
793 956
770 192
256 550
845 957
729 772
546 582
918 545
748 724
559 240
451 147
977 141
512 569
661 227
298 427
801 684
222 652
792 270
847 879
147 573
428 257
569 869
269 975
995 609
909 909
866 940
314 292
525 425
154 426
189 703
878 625
604 692
681 621
780 534
784 899
272 570
530 750
857 540
354 564
453 267
688 308
311 636
779 665
325 238
762 773
836 274
543 282
305 535
198 298
876 612
864 803
307 973
392 437
483 334
180 263
669 830
471 479
388 981
800 970
499 167
269 986
253 694
906 584
410 961
986 941
940 559
297 711
907 393
892 393
878 207
906 748
970 394
260 225
131 176
325 224
443 636
614 929
245 551
452 232
617 554
779 286
136 216
696 619
223 552
227 458
380 841
361 115
694 747
545 837
380 775
115 506
274 393
715 480
574 942
436 311
122 586
212 816
608 593
744 980
774 147
253 203
730 691
370 729
344 868
944 676
237 283
792 936
708 782
777 926
299 503
921 400
690 795
894 906
186 203
263 557
982 754
106 667
423 571
458 178
537 919
177 530
413 252
790 582
415 545
603 832
233 961
666 500
957 832
313 904
976 863
262 926
401 106
866 128
270 302
827 197
394 124
627 754
356 608
464 783
828 623
398 587
880 153
789 690
898 369
967 846
371 860
881 948
530 624
503 475
753 847
862 697
156 914
804 244
212 428
763 581
396 804
499 145
780 973
648 938
655 644
312 308
632 794
887 417
881 969
190 846
640 831
631 215
257 433
992 805
998 976
717 109
722 510
604 614
596 573
637 730
779 580
319 978
248 761
716 445
619 987
106 429
189 855
424 984
449 292
660 854
787 250
122 270
381 580
115 710
974 730
379 619
987 935
188 384
695 159
714 156
119 822
960 562
631 568
640 606
399 647
959 540
254 721
999 986
167 162
116 690
870 428
805 837
380 594
429 343
933 669
602 850
260 276
999 243
727 804
688 377
808 706
904 584
726 473
634 239
990 259
657 314
418 758
824 695
338 747
216 854
869 806
320 970
455 312
442 158
454 460
164 269
323 968
152 197
392 478
217 925
573 995
120 148
760 609
330 742
262 733
553 333
407 120
557 657
917 665
458 780
145 241
262 498
455 195
419 589
118 590
700 674
278 125
823 631
695 647
736 706
901 328
411 589
185 343
877 952
433 654
382 940
576 257
947 195
409 450
943 186
680 168
874 141
382 802
621 103
384 322
147 157
815 672
655 683
240 207
189 176
604 732
761 353
778 657
357 334
984 832
763 394
870 687
473 608
658 836
589 104
904 739
773 813
450 917
487 781
518 347
472 541
246 654
704 163
111 347
840 844
687 974
232 981
899 348
436 247
593 420
716 680
553 168
157 666
936 893
426 403
942 796
102 101
407 306
165 766
449 206
228 728
592 565
556 389
372 528
755 738
420 666
300 874
748 298
963 181
802 805
571 576
636 263
331 219
147 651
626 619
419 112
220 256
319 849
565 838
200 614
254 774
999 233
805 360
612 752
176 569
573 652
941 626
805 392
544 260
763 277
1000 305
538 144
313 613
145 223
765 421
544 450
216 106
157 313
111 794
984 462
190 413
552 428
639 461
912 476
848 330
403 722
426 726
633 462
509 724
682 709
672 761
833 189
270 220
464 314
388 739
560 637
993 703
711 947
173 261
685 996
434 971
421 690
617 226
392 181
658 499
901 652
725 233
734 962
152 257
834 695
347 196
550 279
654 206
129 851
329 589
875 443
341 574
581 167
782 805
360 892
732 201
811 882
494 729
803 564
925 459
613 143
472 376
453 421
703 185
262 104
259 996
768 430
680 593
115 740
347 450
503 955
997 386
766 581
203 831
887 371
147 768
745 685
417 637
674 478
136 841
729 407
110 261
136 232
407 305
993 507
839 772
750 131
715 245
344 953
653 917
417 744
733 400
332 134
820 633
986 442
913 732
591 259
923 783
876 439
883 711
477 500
220 963
579 625
237 458
682 518
629 402
543 960
942 172
289 310
598 659
209 298
221 530
262 640
700 428
716 300
335 503
931 557
431 828
469 969
592 140
243 977
293 662
325 335
659 417
247 639
764 732
582 347
704 634
359 224
896 729
763 341
754 375
521 782
998 212
841 143
360 782
467 877
241 231
758 539
689 440
507 748
734 779
645 140
458 864
341 939
172 709
381 641
309 111
779 470
600 587
439 299
655 326
246 636
356 667
535 689
627 320
795 241
418 768
701 190
312 537
517 621
108 974
735 116
864 997
182 250
877 106
716 145
637 982
975 697
781 365
583 117
793 117
554 687
416 796
846 587
382 329
958 495
196 379
823 868
757 618
237 564
504 883
511 800
994 699
699 472
292 479
275 682
440 476
566 275
890 402
940 250
822 400
146 841
106 869
219 849
636 278
925 739
299 795
708 432
926 829
349 456
227 180
907 245
829 620
640 925
294 906
617 566
933 668
868 356
120 475
815 769
475 401
745 481
781 504
598 379
688 659
304 992
678 217
105 926
339 204
551 995
949 336
322 377
237 802
380 352
362 652
992 576
841 251
169 947
455 505
805 186
593 787
485 558
669 530
403 826
324 346
171 357
117 657
657 597
358 758
236 481
1000 549
384 932
907 922
963 905
236 603
458 353
531 498
820 155
971 921
911 894
884 231
204 247
963 915
892 333
862 426
157 828
602 483
125 438
805 131
736 433
672 282
645 959
687 446
955 365
902 689
831 597
830 502
805 211
402 779
578 609
915 528
338 150
717 424
133 722
107 500
337 935
364 464
278 307
861 864
453 535
388 484
600 333
793 645
233 784
600 341
267 367
306 569
376 230
488 796
944 526
446 213
359 957
113 251
235 756
291 455
224 794
638 426
693 345
839 780
846 889
885 914
299 483
610 930
895 296
332 531
831 363
459 148
276 471
495 885
789 120
164 930
542 377
490 183
781 583
421 127
177 535
452 397
118 561
160 675
752 177
899 406
459 660
982 908
657 240
614 683
719 131
434 737
461 216
925 979
130 766
457 740
634 361
545 621
566 241
880 473
793 252
830 149
704 981
400 556
923 732
656 882
347 407
750 444
918 677
690 386
961 534
693 174
155 440
856 882
406 176
121 961
418 796
466 182
789 121
798 412
884 885
964 155
659 531
771 745
250 211
247 552
723 873
578 628
801 730
504 895
758 314
785 667
320 587
122 964
229 193
487 175
302 845
788 203
359 757
884 572
486 365
467 741
682 581
359 219
560 735
921 883
402 557
917 954
496 719
764 272
108 234
742 796
889 356
630 131
805 224
161 936
705 111
874 558
310 233
490 663
112 641
564 552
422 675
968 971
105 804
893 273
825 656
401 945
587 922
949 473
881 811
311 788
372 800
495 283
276 852
379 731
126 641
667 593
440 974
457 659
510 533
736 987
556 618
890 918
356 375
959 964
105 257
747 977
607 640
843 821
858 843
422 299
670 354
822 149
637 668
542 379
713 575
805 630
802 955
853 226
596 445
428 229
463 615
459 730
862 789
647 530
673 390
852 570
699 330
230 864
784 243
282 649
683 444
329 149
397 652
887 358
157 626
427 439
370 609
168 574
686 770
964 684
995 849
758 164
102 976
851 836
293 429
959 413
804 343
490 988
516 110
959 648
645 679
533 846
464 981
451 102
489 436
446 463
715 381
679 372
853 209
324 281
635 844
905 636
797 965
503 911
327 296
150 493
438 481
307 507
109 844
819 906
597 411
142 838
653 405
778 516
403 234
555 455
785 982
322 576
216 484
348 296
366 371
864 433
797 811
671 664
310 798
794 238
431 951
840 161
702 912
539 879
411 414
594 253
321 407
636 467
968 721
480 237
620 895
761 450
784 671
248 267
734 386
823 596
665 968
760 411
314 195
945 632
298 751
523 547
319 111
209 356
927 203
727 988
338 911
996 362
100 931
219 602
112 635
426 470
189 697
203 658
716 142
453 673
767 787
687 215
405 333
324 292
888 329
646 577
535 585
304 967
730 721
861 207
835 522
396 361
933 983
204 202
457 401
386 671
428 111
704 342
165 481
969 147
874 926
476 705
126 615
327 825
344 581
415 668
341 759
772 275
749 935
793 512
418 241
509 987
875 456
407 415
628 763
894 812
410 487
103 278
829 296
629 234
585 636
466 580
298 188
474 229
393 896
369 749
223 497
226 250
445 719
817 168
514 282
422 404
729 744
526 705
778 412
555 667
175 953
730 360
134 449
847 537
475 962
932 968
708 450
475 326
200 619
472 656
479 193
826 803
284 584
509 715
738 209
244 636
373 222
215 931
237 467
905 919
810 694
773 145
447 766
488 894
511 644
299 430
569 761
520 938
709 518
572 585
124 519
309 717
748 939
620 133
430 441
679 991
871 673
951 168
142 101
779 364
424 864
222 894
532 665
848 285
934 979
131 240
567 631
375 915
959 720
471 217
853 381
544 933
457 802
871 279
165 649
448 921
768 625
599 283
428 675
873 644
910 183
414 990
393 234
612 234
853 948
100 924
114 389
509 500
989 815
527 400
765 654
639 465
307 324
944 359
941 182
277 770
295 100
214 434
431 259
452 610
440 638
106 447
993 696
294 608
422 861
504 772
577 547
232 412
960 518
631 535
700 107
703 403
621 541
980 500
889 167
107 246
559 882
235 455
598 653
393 323
684 202
265 179
805 254
714 437
914 991
553 784
964 570
346 505
749 579
241 270
767 127
359 334
177 622
989 297
909 821
682 626
237 384
922 725
564 972
580 702
935 398
577 867
729 837
274 827
745 846
663 172
270 815
720 347
644 259
896 622
1000 217
933 872
775 563
722 933
860 296
965 244
396 690
340 411
818 121
775 608
326 905
484 155
725 579
433 917
173 269
814 182
878 658
798 452
305 159
739 244
266 502
933 973
226 841
665 857
365 839
118 692
179 435
295 841
166 120
200 931
585 176
469 617
929 579
431 928
138 395
839 577
345 704
551 984
910 539
665 366
445 381
151 225
120 200
247 679
614 320
296 339
388 853
999 260
863 849
579 241
622 444
402 372
829 201
652 509
776 439
425 485
843 883
940 440
622 457
504 378
506 817
952 424
817 376
965 804
409 918
831 849
705 249
383 980
820 901
770 747
245 641
979 164
789 565
443 341
286 675
122 524
789 212
315 892
590 602
245 784
360 232
432 648
718 871
332 230
573 705
454 811
268 853
888 679
575 178
783 406
999 672
876 332
287 288
703 395
592 201
486 641
435 683
256 981
991 211
195 448
407 685
406 268
611 405
322 334
956 336
885 567
541 852
644 432
507 719
404 814
902 693
738 548
547 672
154 945
579 235
581 284
223 622
849 360
349 920
501 362
788 323
809 333
990 498
600 375
225 734
981 881
438 239
696 258
431 109
121 295
201 700
131 1000
512 640
679 496
931 908
801 817
942 225
692 665
540 850
711 956
751 672
734 837
444 723
693 264
139 483
350 161
245 688
849 563
863 435
854 804
134 772
935 693
978 385
392 167
384 756
574 341
729 782
719 712
993 493
387 496
949 845
634 989
769 464
326 615
253 452
415 801
609 418
693 134
414 509
249 410
825 954
194 629
419 573
676 284
854 139
534 818
621 581
998 980
207 832
120 345
994 954
225 402
131 623
919 458
1000 549
952 163
474 920
593 627
805 570
280 750
140 939
232 377
140 380
387 810
263 959
530 981
872 451
640 385
557 617
798 395
594 624
925 633
305 970
113 293
554 263
237 222
852 240
127 131
877 445
556 846
775 451
295 363
465 732
468 717
321 460
563 809
910 925
256 895
392 170
439 621
927 946
671 580
951 952
321 865
629 173
812 943
502 186
340 691
950 822
641 391
581 711
926 623
617 620
590 892
558 489
458 622
856 346
807 440
547 675
472 983
825 440
595 196
529 926
326 505
272 191
581 497
263 351
185 273
480 116
526 376
729 319
991 143
206 578
686 180
996 231
256 321
292 381
246 418
228 884
722 669
575 184
603 640
516 926
663 996
220 416
851 795
397 559
844 399
370 597
155 534
406 840
392 582
531 551
903 325
196 163
612 984
391 235
207 943
897 757
458 518
156 694
294 521
230 340
538 740
767 462
811 439
523 276
355 530
154 937
638 875
404 604
918 813
302 568
696 219
354 753
345 208
346 292
830 595
741 645
123 882
773 405
625 855
366 434
815 497
592 260
426 888
232 926
314 707
161 202
815 332
320 777
541 686
849 288
215 110
851 651
840 780
283 738
599 293
156 902
134 786
191 253
767 283
104 107
522 758
229 436
243 354
807 438
376 736
395 346
925 122
463 617
422 535
119 457
684 280
188 397
335 928
521 721
262 154
512 655
580 243
662 227
345 784
273 479
114 719
751 487
955 650
536 726
226 336
103 914
757 738
879 633
673 810
904 811
791 954
265 524
689 188
742 780
648 241
844 313
750 317
707 540
567 413
438 254
881 325
243 548
465 513
447 523
651 635
200 877
829 434
306 647
252 295
913 267
636 283
327 779
638 532
770 277
852 236
160 213
410 480
772 908
916 613
648 446
781 220
249 459
299 860
879 793
341 792
426 555
610 226
455 947
330 753
887 691
648 743
307 423
662 776
812 874
585 725
953 717
939 379
899 831
882 129
268 257
211 436
885 743
653 471
193 910
103 166
947 217
456 341
549 286
447 844
247 161
730 578
635 417
944 145
565 731
926 803
126 394
104 838
775 137
802 911
416 573
576 561
647 781
149 973
348 934
287 203
955 459
816 808
724 992
791 398
807 326
497 990
714 701
420 688
864 688
901 603
900 211
240 114
295 569
855 999
351 172
500 758
600 494
289 915
684 410
698 883
545 374
381 167
660 253
101 460
523 913
361 477
126 962
716 988
455 113
643 979
322 550
418 189
386 866
563 634
348 416
940 133
397 734
470 450
248 811
949 188
821 319
755 157
567 197
330 308
526 406
646 522
950 162
839 237
709 970
659 954
264 437
1000 325
535 887
952 996
201 343
796 474
939 222
731 981
163 509
961 780
708 803
518 245
102 412
235 370
201 551
861 805
111 758
419 529
972 309
1000 163
989 733
626 102
997 145
635 563
368 669
838 421
232 526
934 517
570 456
831 963
738 472
454 644
721 199
913 594
841 291
892 952
570 609
710 456
991 782
448 586
920 236
761 722
736 661
746 275
947 571
398 990
927 758
377 769
752 664
640 157
217 490
467 826
782 654
954 577
485 776
133 580
741 189
583 619
515 475
253 358
935 287
921 863
887 992
532 238
152 597
340 609
443 289
104 301
114 931
609 145
878 818
599 220
577 264
246 428
429 863
799 595
482 507
492 625
408 938
465 365
216 719
344 938
682 469
966 907
247 888
266 766
766 177
206 475
137 843
497 357
840 954
303 667
636 562
907 574
272 225
759 281
688 543
816 962
677 829
559 814
203 907
948 409
826 874
144 265
917 221
751 597
469 862
589 656
793 924
400 497
846 346
733 944
1000 720
786 335
855 187
949 164
723 731
723 508
322 122
423 965
756 726
380 787
544 752
818 203
951 615
628 293
728 217
922 555
435 803
999 452
631 827
275 773
679 828
786 632
832 382
132 218
290 525
901 411
186 599
410 301
333 619
456 514
298 532
846 165
470 978
161 676
227 596
153 814
649 664
291 206
235 816
750 540
405 650
228 175
751 652
946 886
492 262
539 980
303 297
411 611
883 924
584 364
289 333
383 748
627 313
363 613
638 970
284 389
679 381
375 753
373 273
335 158
680 170
614 993
837 645
342 943
375 171
833 158
463 337
214 192
759 451
944 935
784 872
363 499
343 171
315 578
739 493
174 716
955 477
769 981
228 545
540 188
562 560
496 488
455 175
875 436
197 379
441 312
969 157
609 226
412 993
652 862
489 138
446 996
159 364
656 275
342 291
498 273
291 916
344 341
912 423
322 442
268 495
929 227
208 364
257 974
588 538
458 962
977 630
881 565
892 834
172 989
586 439
242 1000
840 351
698 147
141 183
170 141
747 361
191 598
131 514
457 521
702 417
154 280
664 344
530 406
154 705
577 679
458 868
101 845
607 979
222 397
466 704
103 841
751 120
476 716
927 239
984 961
121 922
554 473
151 481
753 928
950 817
533 971
691 910
819 132
650 114
335 234
883 346
256 152
247 249
369 556
581 510
879 137
448 738
793 344
523 666
560 993
506 998
693 630
610 447
183 813
684 628
265 178
467 561
137 394
170 203
761 322
358 124
568 451
528 209
459 499
594 778
561 814
509 110
614 563
257 213
510 593
172 278
145 967
196 129
604 419
350 123
215 731
757 149
124 536
717 123
617 735
895 842
760 188
929 125
843 122
548 285
366 954
135 701
869 155
161 662
675 168
907 272
635 566
651 208
633 127
572 167
491 216
601 176
956 365
276 183
556 709
380 530
784 916
558 988
537 150
483 648
105 778
927 499
270 789
771 809
958 547
341 651
885 612
979 781
786 947
386 151
847 960
311 410
936 561
400 327
520 500
889 687
455 116
358 213
208 144
217 967
175 434
129 472
245 563
590 713
366 977
330 717
907 816
997 129
566 319
547 448
383 539
639 524
419 748
773 867
756 458
529 165
384 159
438 688
476 201
592 362
321 921
904 973
312 397
672 565
521 180
259 387
160 157
332 442
536 794
690 380
945 567
774 951
631 110
552 521
732 408
752 578
685 806
803 835
913 208
474 810
719 318
286 724
659 157
404 468
853 436
607 510
860 253
961 402
901 262
827 437
888 805
409 713
846 575
175 431
455 579
329 133
398 477
652 482
853 603
569 340
722 299
332 703
238 447
188 411
995 436
444 606
475 401
193 120
249 459
280 473
895 915
503 331
305 309
844 926
663 952
219 566
214 316
939 949
206 524
292 955
298 241
103 487
121 546
250 602
568 281
155 655
518 777
498 795
891 862
825 413
359 360
971 998
910 685
368 491
800 238
136 519
660 283
197 240
878 510
201 764
766 776
439 721
933 255
411 839
700 622
304 716
689 958
119 609
756 851
797 679
399 245
392 721
153 943
304 118
736 167
133 117
160 365
201 822
227 547
895 111
696 339
216 634
403 537
512 339
352 917
327 862
646 549
825 273
765 357
319 195
789 803
767 611
613 307
876 620
895 713
739 852
492 259
775 577
630 554
482 422
445 130
729 985
500 788
277 372
894 504
203 503
898 133
489 800
745 294
230 464
106 816
723 429
221 411
527 574
805 414
825 970
838 457
896 416
967 940
761 448
328 238
618 284
958 438
716 870
754 712
682 983
895 401
399 565
710 527
546 744
284 814
290 912
473 711
792 982
951 851
575 370
628 234
944 348
962 844
623 541
300 673
273 897
209 750
296 616
631 312
749 155
301 888
566 978
717 737
182 136
608 681
142 590
764 382
619 849
614 485
121 158
964 832
559 309
856 474
418 903
532 496
647 335
677 903
975 207
177 639
805 103
581 690
197 550
916 955
127 298
792 702
915 200
355 186
304 761
239 123
307 990
420 868
834 956
481 594
353 476
718 853
286 537
608 263
472 753
481 522
633 818
790 451
876 584
842 317
653 162
226 932
723 987
866 166
200 756
865 269
796 403
473 451
729 221
130 849
401 981
940 750
251 694
858 627
750 187
113 666
148 239
157 442
231 490
116 633
245 650
732 878
207 361
318 864
273 206
462 606
354 443
471 204
436 998
742 159
605 647
164 597
882 692
847 668
485 312
750 233
357 922
804 434
564 340
550 839
201 292
638 252
494 366
950 182
258 420
343 997
766 434
546 832
630 123
206 252
245 541
304 116
526 684
352 458
743 705
382 540
574 317
491 903
129 270
253 548
484 931
226 614
695 634
828 503
751 515
743 279
903 910
889 672
897 533
731 297
481 178
337 972
642 971
463 468
281 339
428 368
740 887
581 298
248 685
762 778
290 859
886 364
952 550
762 655
968 725
312 396
780 865
673 259
874 518
837 621
819 762
804 530
958 900
318 878
532 408
179 969
331 660
869 969
216 955
376 334
693 779
695 873
415 626
562 954
588 566
159 894
283 447
625 383
536 669
112 419
351 853
854 528
595 748
418 535
852 811
813 777
440 969
820 588
465 199
597 258
688 404
264 980
145 642
261 505
417 414
338 605
465 552
471 964
432 847
442 634
256 694
369 943
879 119
813 672
277 907
744 560
669 306
826 233
624 448
671 972
656 301
982 720
989 807
618 281
225 916
208 621
930 108
931 175
403 830
577 814
633 504
983 494
879 524
206 210
594 315
782 729
506 537
755 245
786 165
291 162
946 593
756 293
643 869
369 875
145 411
923 524
729 982
827 920
929 670
881 628
626 133
893 447
731 987
935 967
242 122
571 141
562 571
606 442
892 970
403 781
235 942
473 920
241 268
180 359
287 572
971 770
401 114
959 804
694 383
101 772
480 960
460 342
929 939
786 161
172 248
621 977
953 216
615 254
139 188
626 208
713 382
193 675
292 899
792 696
983 831
894 594
679 639
114 193
501 210
657 982
276 657
412 805
957 132
260 680
935 165
410 685
525 141
572 464
247 367
606 647
914 996
641 285
629 643
144 420
491 923
940 503
460 376
384 316
976 873
314 335
543 278
431 913
303 439
348 373
306 993
283 649
435 163
960 733
482 980
110 414
153 731
896 929
686 663
984 489
680 874
589 924
925 984
642 768
555 731
110 572
625 378
189 998
673 864
753 766
708 271
302 748
890 620
169 271
974 595
230 168
768 909
107 287
886 113
508 919
154 646
950 956
868 517
806 725
955 964
814 536
967 399
476 949
874 939
924 609
319 776
643 681
423 976
425 631
625 282
372 960
765 780
117 882
417 365
395 819
987 217
313 629
867 886
250 150
996 918
551 573
123 899
578 970
693 265
398 656
324 885
862 222
412 313
835 354
255 847
917 221
201 197
791 368
615 336
501 811
589 976
903 302
410 247
407 104
268 143
445 111
991 520
942 959
622 651
345 535
370 934
520 279
992 935
932 690
711 792
118 797
829 640
695 957
916 713
250 741
899 197
784 354
640 384
116 335
630 785
751 340
491 810
766 546
597 878
594 758
133 914
613 127
885 926
825 151
847 268
591 151
956 494
641 675
325 247
357 218
379 570
890 367
476 871
873 489
917 274
474 145
272 720
154 778
836 553
674 108
395 822
806 311
437 367
755 425
937 220
666 937
461 240
993 994
107 628
383 873
713 552
477 515
310 370
689 850
501 519
939 380
238 853
569 644
315 135
199 192
623 709
498 286
604 376
779 584
340 114
935 284
459 911
692 775
475 874
167 368
206 770
799 494
683 497
161 678
649 459
586 730
901 742
910 509
214 231
108 209
944 462
255 783
570 217
793 999
635 875
119 172
934 898
358 919
160 462
455 803
855 906
150 787
365 911
740 315
248 113
354 652
455 786
852 603
461 267
837 406
956 706
766 379
524 758
281 238
672 843
451 526
256 348
909 126
538 282
509 567
492 116
614 790
294 307
285 528
900 495
317 442
537 891
650 206
485 602
294 389
979 844
815 151
396 560
451 143
914 543
662 779
707 241
163 731
207 715
641 221
560 117
837 256
292 815
747 757
318 360
415 861
413 289
877 410
385 898
666 925
918 942
204 964
300 588
242 862
269 116
984 959
650 434
589 642
632 218
328 156
320 726
157 731
328 153
617 947
439 782
120 547
414 465
510 465
764 569
673 630
297 840
825 837
863 428
413 311
856 577
688 141
838 999
224 839
499 674
534 955
277 352
135 479
676 223
467 391
914 570
496 711
363 124
929 564
386 124
223 311
388 759
615 228
542 331
938 558
784 658
519 259
185 114
731 286
705 354
654 504
555 872
169 131
969 383
349 993
862 528
629 874
129 396
213 164
342 774
687 624
805 439
432 172
686 971
298 367
166 747
426 291
462 148
631 832
381 632
357 338
177 738
869 305
1000 620
900 484
859 556
100 104
905 235
426 514
479 453
678 705
240 510
374 986
675 466
662 288
777 105
791 625
724 140
526 121
730 271
392 380
228 924
105 175
537 322
455 495
541 682
627 926
535 464
882 452
317 590
467 648
912 294
567 411
342 121
181 564
940 651
455 238
278 269
559 378
969 813
588 176
956 169
260 148
581 899
117 103
812 118
402 346
576 828
591 405
720 902
328 784
642 903
553 175
827 612
963 888
360 495
304 495
856 768
301 606
209 441
538 720
175 105
891 185
442 494
409 678
746 320
891 709
157 928
744 392
516 299
895 744
336 936
379 648
255 416
553 361
597 563
309 717
306 789
985 913
538 558
699 265
186 518
806 236
678 214
670 237
753 486
612 874
207 697
551 801
570 283
998 399
903 747
749 332
417 893
278 714
720 453
373 949
922 857
720 816
190 946
269 630
283 126
827 222
565 959
333 452
289 603
978 196
857 593
419 818
215 688
239 886
540 898
388 439
996 770
808 689
928 840
979 900
836 556
107 318
934 632
787 306
396 769
978 708
331 777
459 687
123 880
647 768
224 973
743 415
593 157
958 199
291 364
626 561
581 103
142 591
477 553
715 481
144 300
335 252
196 464
238 899
624 712
898 632
518 665
101 761
859 697
326 100
790 248
146 704
115 223
392 402
232 125
364 384
865 579
600 341
982 211
315 510
690 545
970 954
563 134
503 946
792 515
897 165
205 588
975 343
967 468
949 168
842 834
467 856
741 824
454 229
877 480
321 172
370 776
560 436
342 332
538 388
645 469
499 870
192 551
965 653
124 821
362 421
920 349
396 731
254 377
545 299
551 930
198 901
567 388
369 408
232 279
606 494
344 851
272 845
556 595
746 436
398 273
272 979
996 137
717 942
148 113
656 270
708 424
188 215
457 214
610 909
706 603
210 317
421 185
621 252
267 448
270 381
215 762
799 175
800 236
456 155
897 780
176 418
940 838
654 247
549 375
885 930
310 519
750 465
447 330
738 401
551 699
109 402
130 458
493 839
302 860
142 293
125 309
829 698
703 988
786 583
319 258
449 833
470 371
496 993
542 950
966 596
915 605
680 363
528 697
641 767
763 978
768 654
100 870
293 520
299 374
524 665
837 213
327 251
343 498
671 581
694 841
154 973
921 992
444 520
945 815
376 830
634 923
580 511
158 518
438 828
721 723
455 621
603 682
367 540
115 414
777 918
348 956
575 421
503 236
653 266
855 262
190 791
780 884
582 686
519 417
714 600
973 613
594 678
250 461
835 852
857 120
948 742
281 734
439 360
909 740
838 444
337 384
346 142
264 881
415 907
780 159
491 841
579 183
599 848
458 382
977 598
336 601
621 788
279 688
891 312
927 979
871 721
922 212
908 387
371 552
989 887
356 804
213 315
877 762
389 264
322 145
724 167
229 476
560 820
275 619
999 991
900 370
727 751
979 474
790 980
419 667
166 575
442 175
913 487
596 387
584 512
796 678
409 944
782 517
332 621
952 971
218 380
345 753
559 510
853 750
304 800
982 986
342 924
679 858
790 440
486 795
938 796
532 736
567 741
792 338
152 526
697 398
308 743
205 916
598 720
181 344
214 205
279 445
975 947
404 859
812 533
127 634
970 459
326 951
722 463
306 961
110 396
448 234
840 839
161 608
470 550
111 818
929 756
206 679
336 978
458 714
580 775
645 972
925 210
422 585
933 499
649 716
375 215
456 309
716 183
923 497
951 719
645 565
200 851
109 356
434 940
844 914
943 563
615 568
341 435
765 916
266 624
494 789
295 649
239 301
279 590
475 496
443 682
809 494
327 980
507 245
965 198
619 216
136 382
359 820
294 953
584 620
248 896
983 145
797 557
240 141
365 707
737 560
195 322
931 780
692 641
258 482
860 805
385 375
330 725
539 628
239 999
564 586
273 518
813 202
709 201
123 250
758 342
382 883
258 532
215 232
269 314
122 233
349 219
993 349
391 423
488 999
186 833
360 300
151 926
168 538
998 879
888 631
623 600
284 573
681 651
340 659
766 155
710 715
453 480
793 376
412 942
771 196
492 844
154 759
907 303
882 745
422 251
280 532
154 406
521 751
968 272
260 452
269 717
846 825
461 741
237 825
946 795
778 567
993 137
812 585
493 731
488 840
416 779
427 632
342 747
306 830
547 887
370 118
733 456
395 932
945 910
278 538
833 246
911 768
727 390
915 659
276 193
927 419
393 591
324 703
755 882
613 591
509 731
486 624
464 977
935 283
371 888
298 689
730 464
477 631
283 389
942 279
938 220
349 428
791 498
780 385
146 181
600 235
800 623
237 221
844 986
176 929
405 550
350 904
902 866
783 312
529 172
823 114
311 484
454 170
437 983
150 168
432 809
532 951
950 352
175 704
302 145
502 156
935 304
948 444
482 820
740 331
407 792
711 945
598 176
525 457
208 109
674 938
519 133
605 603
795 661
355 273
693 200
365 624
316 356
199 316
378 313
445 522
325 858
984 738
574 182
174 178
757 188
369 114
654 484
539 439
874 823
234 977
908 707
292 430
483 428
745 254
776 197
946 546
125 571
843 335
533 200
714 778
784 789
504 570
385 831
665 729
522 913
286 982
495 787
497 511
434 513
875 193
726 670
216 547
954 762
518 573
344 909
955 252
632 149
520 997
863 122
404 846
279 196
289 781
207 370
205 918
318 282
630 698
505 831
576 109
719 196
421 162
334 439
658 855
393 400
705 776
305 130
545 885
521 931
889 790
139 457
693 883
334 675
906 965
286 283
443 919
485 561
294 887
573 507
144 739
236 840
766 114
704 108
503 622
732 914
227 372
942 489
859 941
263 162
736 786
277 583
356 818
939 747
459 529
142 678
121 689
747 484
111 793
517 940
348 350
579 910
735 135
977 736
701 825
701 358
766 991
239 687
452 567
357 965
701 784
992 576
725 494
273 299
298 438
733 880
394 741
440 608
931 500
347 297
990 479
396 677
490 633
195 503
350 711
491 197
522 483
926 575
706 526
423 710
514 619
521 301
640 226
333 777
736 151
861 322
985 667
707 946
236 977
416 386
292 121
361 250
664 889
849 573
442 280
456 706
604 204
157 532
640 151
980 748
674 750
207 628
936 231
749 201
317 499
174 291
207 590
564 597
859 949
571 864
891 428
219 991
259 398
665 760
893 416
568 349
167 235
126 479
788 340
341 888
876 277
699 805
744 610
406 114
736 684
676 624
759 102
253 792
339 991
861 557
110 236
602 833
434 727
287 405
104 720
584 283
613 102
704 433
301 853
933 800
513 253
618 504
413 383
330 360
454 511
947 789
706 774
807 580
531 394
959 415
801 974
990 315
923 610
635 472
342 410
921 521
709 531
595 463
497 942
599 552
929 351
789 934
599 578
334 912
753 300
851 861
482 859
480 481
208 427
426 875
837 958
344 654
489 724
239 217
991 954
347 406
255 926
847 399
856 722
772 480
579 862
130 328
311 688
583 476
442 135
639 403
142 221
364 206
671 621
153 718
413 401
611 639
943 609
530 738
228 336
852 937
478 890
322 684
864 910
978 739
855 325
536 251
508 162
810 724
355 304
555 179
465 490
558 244
615 567
660 608
858 361
530 808
550 775
785 986
640 913
832 444
477 784
142 709
796 242
648 798
322 175
337 335
259 861
749 225
862 788
827 550
162 510
668 960
294 102
676 305
518 444
198 665
495 700
512 867
681 548
600 946
747 324
321 960
214 770
750 316
613 767
935 135
820 955
878 827
610 599
412 884
896 660
631 227
845 713
735 308
744 729
683 438
883 664
851 652
535 484
888 681
135 562
680 541
484 338
859 194
828 603
692 853
888 938
785 149
214 547
438 199
430 131
637 426
894 342
769 743
185 153
716 115
918 826
368 860
119 486
373 882
429 505
261 700
333 541
876 471
771 748
129 853
885 959
424 518
253 540
422 272
825 261
116 131
945 171
445 812
190 474
907 324
1000 631
441 102
670 852
121 590
140 874
220 197
747 694
771 328
205 665
541 513
880 925
791 129
756 514
367 185
294 133
437 549
463 686
749 724
611 399
162 978
869 937
764 278
695 922
141 502
791 159
735 985
332 674
602 499
630 211
593 528
427 761
486 120
422 506
159 120
637 207
383 144
449 444
997 692
165 910
941 391
704 562
125 745
307 257
294 391
891 126
190 642
346 872
814 704
584 981
669 295
494 743
242 796
251 705
771 684
511 162
640 410
816 969
949 236
889 767
527 320
172 431
857 901
724 737
658 252
521 337
632 628
699 587
558 676
541 697
875 773
989 217
449 458
248 515
958 373
668 677
248 141
440 751
439 250
452 316
706 903
950 935
175 220
823 317
619 897
419 101
180 558
622 582
917 463
290 291
152 484
783 489
888 341
794 571
247 936
972 604
791 271
160 881
954 254
832 443
511 639
900 733
556 863
448 125
219 971
161 236
931 512
928 991
901 607
650 192
309 481
874 133
335 514
537 962
787 962
402 362
173 785
641 275
786 152
742 446
805 742
353 513
965 656
962 414
366 441
383 773
504 559
909 844
840 466
578 404
593 143
673 616
640 721
863 705
211 966
710 125
358 490
370 385
214 857
939 323
177 664
932 322
768 544
577 292
420 453
163 601
142 104
141 430
988 110
725 274
862 777
298 226
473 322
155 259
323 206
394 886
738 180
349 537
985 525
944 405
659 807
596 512
318 601
748 812
327 885
270 184
559 771
196 615
156 845
109 473
496 809
453 251
454 297
460 527
978 881
776 935
265 119
700 296
735 670
930 739
851 866
545 883
278 873
629 531
813 149
443 310
730 710
147 818
428 299
976 522
609 412
975 991
971 266
768 520
467 162
614 604
556 213
323 532
641 765
597 944
883 892
689 335
504 891
312 665
530 791
414 260
685 657
802 770
697 261
428 788
868 577
852 966
660 963
676 212
375 722
329 706
490 683
967 154
297 147
854 194
231 284
920 562
294 629
739 220
163 398
436 657
984 169
648 731
933 643
785 785
912 590
171 118
405 880
720 567
362 398
607 291
778 621
454 293
761 198
408 235
548 227
130 582
673 757
128 843
986 196
743 838
874 323
601 254
979 199
795 557
866 375
201 483
796 112
242 269
868 500
171 841
639 873
377 135
800 705
249 831
170 967
108 875
459 570
1000 738
462 996
505 430
845 668
210 415
342 491
149 665
767 693
190 827
906 728
401 271
115 292
269 860
709 154
130 898
217 644
675 319
836 466
198 516
119 886
679 518
386 662
984 666
172 303
160 174
660 489
921 713
501 145
875 968
563 935
211 855
823 870
357 773
392 625
305 510
456 514
495 340
352 787
146 365
826 306
499 892
336 686
389 717
327 753
750 162
180 958
924 999
808 994
127 324
829 545
363 436
471 341
587 398
756 869
624 782
525 457
353 978
502 341
516 317
260 947
516 485
407 684
249 894
204 386
819 764
777 920
677 592
116 100
767 339
560 507
872 252
742 493
841 306
947 453
747 730
286 358
802 738
746 228
202 595
909 531
627 198
407 294
859 733
207 420
584 585
124 266
121 523
549 631
721 186
345 553
696 987
690 653
919 110
970 675
164 798
989 706
776 337
233 885
864 874
265 588
889 683
333 369
803 970
712 263
465 948
342 907
483 284
231 503
538 231
877 763
117 924
603 164
129 923
698 827
978 186
374 914
852 467
523 705
605 517
877 241
293 679
862 146
220 517
294 280
206 153
805 122
603 857
886 258
549 886
116 143
313 723
583 748
394 580
741 503
931 523
925 376
872 598
880 539
745 972
458 598
542 213
445 709
887 973
613 115
773 919
500 677
732 239
803 831
773 946
525 236
407 619
910 138
767 219
880 437
982 301
299 601
499 616
819 526
843 129
797 195
673 391
707 226
125 629
226 572
314 572
885 662
269 924
150 552
129 965
589 238
454 713
623 192
131 106
979 377
484 151
419 352
798 885
123 648
441 531
192 110
978 805
268 820
918 209
726 233
107 198
344 885
989 493
282 642
899 810
241 846
325 425
108 640
770 613
176 731
435 921
235 685
523 635
993 652
191 509
955 690
586 418
795 612
210 908
667 295
120 708
602 654
881 277
437 576
256 409
622 924
473 450
630 138
335 162
649 113
652 135
461 951
188 220
164 473
786 974
613 230
939 214
833 506
349 315
583 459
724 864
821 215
431 905
518 809
958 817
146 141
290 363
595 654
884 125
837 764
325 620
820 168
599 799
220 900
716 986
910 670
685 832
695 887
821 463
188 355
204 534
306 570
741 600
902 343
388 177
396 231
522 509
522 756
505 551
654 297
768 346
472 672
273 494
402 245
491 389
769 919
547 715
778 624
989 531
286 787
482 713
135 133
146 446
988 644
769 214
857 994
692 363
710 904
836 492
559 432
152 467
739 965
181 820
548 608
451 683
475 282
744 750
186 498
312 132
582 241
321 510
154 580
531 755
309 975
276 969
969 733
744 466
987 207
496 668
552 191
101 689
998 622
320 531
819 363
629 495
114 385
545 654
257 959
315 582
837 449
507 565
936 727
347 700
773 476
677 833
474 672
121 493
752 846
759 634
985 218
846 907
155 556
527 912
382 801
282 987
987 770
632 892
794 606
691 488
382 533
133 501
729 559
281 223
285 320
587 557
140 924
355 380
775 492
506 786
175 841
831 657
896 207
763 497
396 345
864 745
237 406
843 950
884 792
725 589
301 331
573 416
374 944
189 668
840 524
100 504
189 419
546 900
887 768
196 522
982 959
472 315
609 845
637 139
637 991
796 758
756 307
663 946
801 329
540 541
574 816
760 688
100 380
889 779
338 202
936 622
493 432
170 194
211 438
301 156
158 173
123 624
842 115
576 105
863 620
673 816
209 179
631 368
305 787
968 705
490 276
368 997
696 745
823 888
983 982
577 403
524 872
342 203
949 718
922 712
575 484
751 303
722 699
286 397
897 707
602 436
575 735
615 595
447 839
981 362
680 854
704 142
604 526
747 146
347 284
332 386
669 190
881 247
177 955
603 302
525 998
698 628
162 817
199 585
543 380
902 214
473 186
757 760
507 792
584 895
170 813
493 726
905 565
670 954
357 381
696 907
559 980
103 230
134 479
569 248
389 324
907 389
528 297
139 567
768 552
422 741
782 955
452 299
513 760
338 690
894 778
423 545
819 634
383 479
507 147
185 356
177 128
602 888
239 846
556 679
772 881
871 622
486 971
846 733
199 480
569 270
605 413
950 494
377 145
863 426
943 262
208 228
827 297
473 194
718 508
337 636
622 936
947 299
728 567
722 848
163 909
156 491
362 177
603 744
360 259
756 696
401 746
309 376
768 467
577 879
275 364
266 635
294 420
118 911
571 486
145 980
538 827
885 275
952 441
366 370
564 773
416 203
157 206
987 811
722 216
535 578
217 830
570 659
514 113
528 551
522 267
602 259
857 555
810 233
121 730
148 944
439 756
270 770
105 263
237 257
904 655
414 603
534 852
477 956
513 876
628 280
482 110
106 877
249 973
701 318
894 317
525 880
691 738
489 268
377 741
311 621
696 707
100 463
718 892
108 667
692 858
690 446
794 843
527 165
279 730
641 837
413 994
539 839
579 706
115 907
338 121
890 971
515 264
625 964
501 470
355 311
913 765
432 381
433 230
271 114
264 539
154 741
133 973
251 367
132 319
535 523
239 878
688 273
274 689
922 580
596 502
644 921
849 262
690 440
196 294
331 518
948 814
970 510
403 365
479 458
456 278
862 217
954 409
945 334
372 113
581 816
951 514
669 760
530 430
189 364
714 648
633 566
887 969
717 802
977 258
149 547
816 259
676 558
243 416
677 221
446 721
391 945
874 787
407 254
956 486
233 879
873 627
419 802
217 206
246 339
735 291
617 998
526 177
357 696
755 479
657 960
152 626
197 342
147 714
672 542
497 312
384 540
784 153
568 807
852 294
201 655
327 508
309 990
725 308
766 794
667 635
517 131
710 843
698 959
557 251
606 822
644 170
791 145
141 536
578 711
247 862
648 258
233 848
543 826
405 300
951 100
792 706
906 508
170 583
797 833
805 806
525 749
944 170
680 250
874 232
784 977
298 606
190 612
171 303
604 596
859 196
494 919
107 984
331 497
956 542
225 969
137 445
879 880
895 388
379 446
801 316
626 245
184 357
280 984
800 809
234 728
118 132
709 588
510 959
859 469
110 329
373 697
483 748
151 468
265 106
178 111
679 465
205 558
677 199
680 979
133 891
114 449
669 190
791 957
915 468
854 516
683 810
120 751
571 576
618 127
691 297
607 299
995 110
122 600
293 777
481 587
940 741
972 372
451 887
879 403
646 986
923 658
712 434
332 401
332 400
426 479
205 384
721 373
952 341
951 694
163 664
501 296
296 703
766 947
965 564
889 594
391 432
875 478
386 903
180 302
355 119
428 755
911 167
306 238
559 114
491 181
828 428
417 535
178 974
365 127
148 445
395 120
164 647
580 651
738 905
484 574
505 635
113 367
616 147
769 174
133 521
690 898
879 757
987 902
453 409
450 902
754 883
325 530
521 419
717 808
227 179
479 259
683 781
661 528
448 296
481 892
517 230
679 658
111 777
950 139
505 282
666 198
329 468
579 363
695 313
856 737
900 428
485 362
177 287
455 780
172 158
188 246
973 137
832 801
870 398
942 609
637 416
896 966
907 200
870 593
829 245
379 275
199 939
937 493
516 399
590 596
402 260
832 469
664 124
919 316
240 410
374 329
104 741
382 438
746 371
281 205
140 388
262 814
577 107
716 219
167 689
376 325
866 395
490 384
482 477
921 934
983 729
467 680
554 952
864 633
295 341
562 173
247 208
964 126
188 176
485 651
829 240
520 628
282 472
408 930
789 410
737 665
476 892
896 285
504 409
490 457
139 497
475 366
733 444
898 490
160 384
537 616
286 610
819 244
570 187
812 632
911 788
768 546
924 316
988 751
458 854
584 239
371 503
362 947
686 241
382 702
777 872
227 937
761 269
804 760
550 626
851 845
225 802
145 415
595 518
624 362
140 658
308 159
128 105
860 209
585 809
137 533
760 811
368 940
928 629
670 394
327 996
171 513
502 556
837 871
653 436
106 671
1000 336
642 637
165 391
396 755
799 519
844 324
796 886
437 231
403 228
121 148
166 396
144 427
619 717
744 119
181 137
825 472
896 687
676 934
660 496
217 825
851 513
558 749
119 624
339 167
951 494
857 585
626 677
566 562
878 114
675 809
417 937
547 184
766 231
121 341
889 617
514 392
683 960
834 765
440 859
481 846
978 883
443 772
622 494
407 127
119 986
460 304
167 873
725 410
607 146
409 439
417 278
812 848
803 494
429 404
397 608
480 267
798 553
237 337
846 639
192 966
810 529
245 433
348 271
213 141
858 901
513 577
369 239
779 242
665 157
416 387
636 758
290 793
366 142
482 186
782 193
665 296
238 484
532 353
152 141
774 253
835 259
795 447
929 554
788 576
793 110
124 922
334 486
192 279
215 407
966 751
941 820
870 147
959 847
235 995
547 654
661 857
123 410
871 383
933 455
676 978
185 491
241 845
303 641
825 274
682 762
609 565
674 178
826 910
510 318
966 276
676 902
778 409
469 941
970 373
680 874
465 403
883 998
394 407
900 649
195 374
596 160
781 389
871 214
442 445
239 287
379 701
503 350
867 432
846 936
483 116
754 210
389 163
584 347
413 608
664 722
970 977
875 199
885 475
875 306
236 876
438 635
189 439
994 380
646 116
455 323
988 618
180 905
562 867
685 747
875 236
652 172
854 514
246 436
912 436
158 558
949 695
763 367
368 587
307 838
261 828
801 288
374 549
241 519
955 980
373 553
450 824
921 382
521 618
648 365
507 722
786 756
225 241
410 607
143 483
154 438
523 892
149 480
169 775
278 916
838 508
747 645
222 797
191 920
388 592
321 984
702 614
140 131
333 580
662 139
608 725
261 226
580 385
922 479
124 854
783 262
360 412
117 441
549 622
449 826
673 684
871 116
760 888
946 931
288 382
504 977
728 660
506 341
327 172
810 177
222 519
419 960
352 484
613 476
956 442
348 752
117 602
147 436
887 246
401 513
509 397
897 902
773 654
824 962
524 486
543 992
909 710
182 171
296 919
753 944
535 425
119 369
537 908
679 339
371 734
499 693
251 260
130 842
842 632
388 734
420 870
190 334
240 451
967 906
623 219
459 683
513 681
772 574
829 856
434 419
375 433
262 457
469 628
139 770
376 866
696 663
663 184
914 484
918 303
806 516
798 406
387 821
954 543
199 260
326 478
175 379
993 321
194 560
501 196
736 549
719 185
919 885
855 427
658 842
504 454
415 105
870 705
668 916
964 279
703 703
1000 331
802 181
450 280
203 780
828 285
499 327
499 569
735 236
515 491
543 378
841 384
101 141
294 305
282 507
301 306
823 530
777 863
432 173
321 332
438 492
785 332
721 751
966 607
627 868
589 715
545 990
407 694
965 925
142 999
341 787
850 118
210 103
580 286
328 708
503 870
543 883
525 763
408 235
459 358
766 966
998 837
244 424
619 483
686 527
982 498
186 704
793 520
993 377
201 153
726 269
861 848
709 160
692 765
401 449
562 670
569 918
288 414
594 273
752 169
234 817
559 807
956 347
770 612
961 969
105 184
245 456
124 290
938 158
896 892
954 398
893 927
396 744
193 188
928 732
156 761
265 351
449 566
677 553
434 824
798 510
957 230
322 240
516 419
495 816
383 849
842 537
875 163
130 494
633 974
915 261
508 956
717 994
642 905
279 567
880 669
789 749
833 968
555 480
501 882
691 551
402 756
218 964
698 178
956 243
851 155
949 736
146 517
402 827
511 620
976 464
396 264
594 163
392 647
321 494
893 605
704 904
575 797
975 845
948 502
610 453
389 382
240 781
140 334
890 647
361 698
426 373
494 822
172 723
574 203
578 635
331 296
505 140
950 282
535 401
899 884
473 717
233 347
228 319
990 681
422 190
391 592
529 353
427 774
382 541
749 215
396 675
378 181
610 1000
778 396
130 818
832 915
336 677
937 806
414 265
716 899
589 588
623 314
737 107
207 554
648 831
316 857
243 301
101 262
327 543
629 720
475 366
834 338
168 439
780 762
363 525
634 408
276 459
896 459
575 458
481 528
954 440
310 138
772 201
240 314
275 411
261 186
989 189
680 827
114 734
289 285
549 597
565 661
297 423
270 276
551 214
533 477
796 660
660 693
631 432
160 542
458 311
410 524
480 500
400 330
827 771
983 662
907 789
921 656
711 618
793 337
398 351
418 889
591 577
169 152
101 878
220 687
784 517
692 163
668 842
561 267
711 181
943 923
314 307
597 288
247 481
889 504
350 952
127 886
681 309
426 420
728 696
781 618
911 273
272 155
140 190
260 146
485 212
153 101
255 715
197 702
268 661
968 520
679 910
232 105
723 787
429 183
396 982
751 617
350 148
780 528
401 345
843 276
557 947
256 904
576 233
624 433
993 488
770 351
573 452
716 733
937 817
982 560
762 367
727 896
928 834
830 862
671 454
764 422
796 496
580 239
532 673
372 813
403 837
741 223
262 252
669 806
613 315
803 618
521 609
817 213
854 142
237 235
500 571
745 131
419 269
849 330
200 539
143 533
672 920
631 415
984 770
272 225
550 643
127 221
710 912
595 358
729 455
228 956
777 761
678 193
201 843
912 739
123 262
944 567
908 502
692 402
623 787
103 119
261 886
391 942
689 884
219 902
245 541
561 591
878 108
105 641
742 555
240 642
446 767
634 587
146 798
478 416
271 210
635 427
693 932
978 646
526 815
411 674
344 187
450 823
282 902
549 372
926 489
457 656
852 351
914 136
565 893
414 418
482 745
666 399
809 945
662 205
608 783
729 242
714 409
499 682
709 541
716 847
880 461
299 684
515 257
203 428
938 844
762 657
171 953
679 506
811 616
720 420
611 190
957 290
494 189
655 806
755 339
208 216
575 364
878 498
713 283
657 833
247 531
784 306
219 999
180 546
266 692
607 391
391 608
981 990
500 504
103 961
107 611
747 142
372 178
634 916
720 527
848 109
562 465
388 487
248 137
258 564
980 999
780 230
689 898
550 925
326 342
453 483
1000 512
541 716
528 710
975 228
769 702
212 469
784 324
716 378
312 325
341 707
460 632
325 386
751 104
794 579
764 789
321 178
521 305
522 995
732 104
804 442
649 145
790 403
432 364
845 167
635 229
159 541
241 265
405 332
771 941
299 581
854 648
566 374
548 805
638 224
320 568
533 827
203 635
496 181
517 364
129 241
861 567
309 207
426 101
869 524
139 316
279 135
766 978
528 194
669 307
474 798
835 288
662 121
996 459
834 414
569 603
748 814
907 279
238 597
318 375
788 917
510 684
508 537
235 224
535 726
392 987
261 765
840 724
783 651
476 839
786 261
407 740
827 455
234 679
681 768
713 917
113 358
729 331
445 489
263 656
138 361
708 830
332 808
969 729
396 559
271 354
695 911
628 117
160 213
650 896
810 732
112 971
274 514
732 960
949 371
833 870
210 621
135 542
662 285
211 134
674 505
134 367
260 746
197 384
299 607
511 905
178 894
788 398
694 981
373 793
660 413
443 987
891 679
145 385
920 545
676 128
858 946
741 121
493 896
934 898
761 656
166 774
910 437
328 153
658 734
191 753
918 710
174 212
799 812
576 324
219 524
645 619
800 922
318 619
433 662
772 176
472 108
468 670
336 469
584 965
898 193
810 205
751 361
858 953
723 130
481 393
622 779
365 149
333 510
925 876
120 351
826 581
909 237
578 833
384 557
381 853
266 651
821 606
358 984
157 121
947 787
791 340
500 686
458 153
149 319
540 530
788 278
517 745
910 250
336 706
331 550
335 347
217 889
365 956
793 150
405 221
445 649
778 950
794 445
345 916
521 185
298 444
617 761
814 675
159 576
389 650
676 838
464 307
214 650
370 695
569 650
602 519
950 731
512 227
560 535
199 811
291 189
714 982
253 795
108 443
393 601
625 423
256 396
979 770
262 583
956 962
824 531
954 131
313 914
652 610
148 522
346 214
173 860
602 515
258 722
295 664
583 520
320 762
427 151
930 175
130 397
739 810
436 240
224 748
759 401
305 828
884 623
877 622
108 363
835 865
276 748
522 848
542 228
632 308
813 659
750 609
805 725
244 550
996 518
812 625
948 194
210 737
796 772
550 712
728 419
359 812
881 890
711 107
122 243
100 815
493 232
770 364
418 277
721 310
688 226
606 134
255 750
804 347
210 685
338 564
238 909
729 440
522 167
896 463
709 908
766 586
708 245
592 260
733 534
711 620
410 823
977 827
613 415
364 805
655 141
764 439
882 128
442 398
690 533
147 533
911 555
823 345
334 475
662 648
255 675
390 435
667 418
662 914
161 354
983 993
105 746
658 305
202 489
237 905
694 873
968 733
652 347
910 658
730 276
118 596
990 380
228 551
332 589
776 229
178 949
522 530
740 119
689 515
361 993
875 758
525 261
583 996
921 827
338 808
440 578
221 824
212 315
517 823
745 367
947 446
292 358
707 703
716 528
620 266
204 277
549 476
490 921
467 337
624 763
286 600
309 380
671 499
248 537
967 151
640 352
365 945
385 690
347 300
795 370
897 756
973 386
284 252
855 529
511 467
445 528
696 657
986 813
858 102
158 163
258 502
217 783
868 652
940 878
373 941
599 124
599 980
731 954
400 686
813 297
236 387
504 144
418 936
945 731
814 707
856 928
141 608
397 673
529 270
711 373
881 354
146 935
399 925
865 589
883 322
422 575
255 841
679 657
894 476
235 924
294 959
325 109
321 503
815 188
977 133
496 538
411 434
579 441
425 277
218 188
709 101
528 631
878 815
565 917
919 173
636 130
750 747
600 797
998 908
781 191
258 378
253 102
937 762
961 413
586 415
367 818
877 541
816 776
819 551
875 748
964 790
656 376
346 673
711 590
873 987
463 606
