7180 8000
339 264
435 487
858 747
816 640
920 326
507 442
358 106
512 593
805 760
907 839
765 940
119 301
942 339
612 252
778 773
890 448
972 842
197 317
362 587
196 287
736 135
261 973
481 740
872 791
501 390
995 948
385 969
463 378
212 170
415 411
361 344
298 592
897 935
564 384
913 841
870 576
196 293
581 237
789 210
406 202
605 695
294 793
167 313
995 614
457 360
973 716
900 395
586 659
937 701
548 777
514 995
291 868
804 735
620 169
418 938
373 484
318 791
534 484
837 739
776 537
165 269
419 582
644 232
153 657
859 580
910 345
636 358
485 537
967 778
728 341
287 858
175 269
819 697
500 995
814 285
827 905
880 991
249 644
921 946
723 876
498 850
805 363
933 199
266 642
475 872
821 719
798 488
956 268
369 188
793 627
346 884
263 923
787 106
707 538
801 273
179 791
844 161
388 783
953 515
744 853
332 674
837 539
234 374
594 254
229 944
623 991
172 681
419 534
670 975
928 830
658 680
543 160
696 373
514 573
383 455
742 422
342 884
842 237
131 540
794 490
801 672
693 406
503 129
981 954
477 158
947 547
596 374
144 130
159 959
820 569
552 394
270 768
521 383
144 201
788 448
421 275
274 212
497 191
845 793
451 103
925 440
521 897
160 383
377 522
932 625
507 686
415 394
271 750
897 369
949 912
587 361
763 286
728 978
591 685
680 701
193 170
402 744
281 553
629 781
907 388
522 581
399 525
917 914
894 746
961 701
211 859
471 813
933 889
315 967
447 302
274 743
380 737
238 670
152 672
632 247
564 531
230 930
870 443
684 352
822 625
605 649
503 159
100 141
118 573
363 572
759 566
277 841
174 428
631 358
637 413
827 533
255 262
689 914
572 153
369 738
731 681
511 684
385 322
551 864
570 273
959 687
840 158
321 393
719 485
586 535
938 579
821 289
855 706
799 484
855 961
986 862
278 370
694 566
415 612
379 319
651 666
648 696
251 945
566 573
882 558
838 986
323 894
835 533
678 562
810 735
413 462
774 570
766 453
318 853
543 623
223 921
891 159
761 549
189 866
827 319
891 156
732 753
966 281
306 678
195 802
105 175
162 591
551 612
352 132
526 577
592 597
705 232
865 379
112 335
431 992
206 894
864 850
420 268
550 369
718 910
108 729
378 538
584 530
341 265
806 212
897 528
739 713
597 138
711 255
627 428
259 855
708 769
941 117
982 573
926 118
639 756
643 514
773 216
624 278
581 735
531 263
302 211
440 112
832 180
801 414
278 205
194 785
233 882
596 292
455 572
204 958
879 580
735 728
958 587
183 937
401 623
989 396
895 863
141 872
387 259
102 765
540 339
762 673
848 615
858 313
858 195
507 993
251 258
925 711
160 477
605 725
517 174
408 163
184 660
707 852
892 252
367 785
620 127
638 998
325 959
742 865
459 589
696 853
611 205
909 394
520 477
432 382
808 813
436 461
602 912
914 954
615 684
481 302
606 922
749 597
627 665
284 853
453 230
505 441
578 683
594 734
726 527
984 582
817 559
764 972
239 468
100 267
231 824
215 659
496 876
282 995
810 184
606 920
965 811
579 226
894 145
543 721
827 715
223 122
815 193
349 408
467 679
682 558
143 158
912 690
167 438
296 211
524 348
352 530
103 588
749 979
287 647
358 191
907 944
926 543
853 412
683 269
993 668
258 447
962 329
607 312
840 886
421 972
449 445
573 116
929 980
497 524
524 358
460 193
377 823
202 582
813 271
736 366
821 105
503 826
600 797
562 619
931 507
490 103
129 874
537 313
621 972
580 718
377 232
917 617
823 140
949 971
167 650
239 347
369 691
996 677
190 268
760 604
861 250
479 645
679 948
430 482
987 348
182 920
438 595
930 917
991 166
777 656
155 307
239 177
169 382
683 139
900 972
364 950
497 805
950 155
159 678
950 524
127 543
368 733
698 559
371 902
270 578
108 619
333 949
897 253
786 104
822 113
475 831
751 346
462 909
880 114
432 990
888 384
986 715
935 894
591 390
727 423
201 136
817 797
654 673
154 104
127 488
526 902
240 450
129 698
811 132
711 949
672 461
291 136
464 762
154 915
231 947
230 951
279 739
854 158
226 166
266 246
110 430
496 243
506 672
237 393
631 730
311 192
521 399
627 282
446 900
542 451
358 464
788 624
613 764
476 854
326 156
587 936
163 825
258 985
603 628
169 686
583 272
444 286
912 726
267 763
826 316
104 840
670 427
845 329
175 379
109 565
649 943
546 485
714 814
748 537
927 632
980 588
530 545
823 776
121 878
262 619
580 694
570 792
625 696
339 937
456 827
290 463
793 149
530 644
457 600
408 661
322 957
809 203
147 221
115 730
174 363
564 278
285 692
987 164
447 520
894 426
509 824
958 675
117 914
366 982
747 147
333 657
768 257
701 576
235 132
365 864
348 644
512 575
324 181
730 402
629 159
398 992
285 681
666 638
370 520
282 494
349 267
214 236
552 991
275 457
762 910
938 366
707 763
616 283
568 197
977 310
350 534
328 886
720 175
742 401
156 308
459 317
387 641
487 423
473 626
555 683
924 788
135 708
568 793
181 795
181 198
984 320
411 200
192 993
155 829
376 879
132 364
235 854
299 650
759 613
673 862
384 236
251 308
744 170
426 806
646 390
793 653
311 552
657 183
902 133
663 709
737 904
760 348
323 909
441 976
485 442
950 239
549 821
889 549
181 731
309 328
293 400
306 231
275 828
974 762
761 681
302 334
501 332
474 926
154 270
475 719
453 862
745 310
456 842
783 913
464 419
129 110
830 229
604 191
795 773
663 942
142 912
382 481
564 680
485 639
529 336
913 909
333 215
534 576
693 514
789 668
296 340
157 637
892 901
376 821
797 126
734 932
329 578
821 864
244 822
687 871
811 884
992 564
967 723
247 963
957 978
810 280
228 623
295 637
302 678
460 447
672 763
513 844
259 444
610 316
520 508
532 452
530 316
392 940
290 808
678 384
374 329
502 890
716 224
478 130
933 965
243 857
768 602
980 207
123 166
105 504
407 582
746 554
827 712
902 116
400 799
536 106
251 493
558 569
721 643
722 147
652 761
449 856
409 207
421 130
348 559
835 696
560 890
101 477
524 576
270 481
380 742
146 870
107 645
788 902
994 218
969 938
768 110
561 682
606 144
579 742
972 298
969 201
282 840
724 980
923 892
169 524
748 935
630 657
491 561
932 736
832 311
391 722
978 332
735 636
213 181
143 321
142 764
250 408
953 875
716 296
713 638
722 852
906 149
564 864
956 483
189 273
531 272
733 720
560 448
241 925
331 472
274 815
215 756
345 914
564 322
870 332
950 137
527 575
631 410
606 659
901 939
602 301
153 133
682 803
763 791
604 262
972 469
951 116
605 692
449 303
585 400
890 690
193 402
579 428
494 644
773 412
801 682
722 374
902 809
495 111
591 422
487 552
290 242
897 837
515 835
892 990
612 538
759 692
303 844
181 970
650 841
209 619
697 971
405 726
119 251
135 261
166 804
847 801
263 692
507 681
676 868
977 134
697 489
891 347
318 724
777 605
101 130
123 962
521 400
930 764
396 913
220 231
490 208
522 899
279 722
910 762
822 673
625 770
620 101
518 413
698 620
993 975
306 191
348 345
448 423
661 171
580 423
168 555
767 164
999 747
674 113
240 508
846 219
701 875
681 781
944 275
470 693
822 197
419 386
237 298
301 826
634 293
319 277
415 337
622 403
964 106
270 526
703 305
189 660
760 589
515 516
466 250
367 917
954 732
181 447
238 504
406 896
446 856
981 565
574 132
864 647
883 849
366 727
495 387
442 496
650 676
575 538
272 266
183 363
164 690
506 337
175 644
108 694
405 862
449 630
224 519
893 723
108 540
763 991
399 370
682 235
143 282
561 534
929 966
605 541
313 128
951 279
910 112
234 978
711 722
109 818
412 629
966 825
362 816
504 186
190 686
748 136
132 901
207 943
351 502
513 558
996 842
707 318
310 415
833 580
190 243
561 845
248 630
558 661
553 356
275 345
681 459
165 264
562 652
360 566
913 164
226 675
428 528
683 204
954 818
645 531
617 848
269 395
184 542
675 206
574 632
897 823
405 376
460 329
706 368
695 621
348 304
464 392
499 311
830 126
104 795
310 619
412 717
347 647
560 571
347 356
211 631
231 188
763 278
385 658
569 621
786 328
611 500
805 183
508 461
530 576
736 332
667 463
339 507
491 253
303 994
662 344
779 929
208 924
627 380
956 202
490 466
946 244
306 436
163 702
187 477
437 738
183 645
755 929
859 417
346 292
591 485
953 604
407 243
753 801
455 809
973 960
701 524
286 731
943 241
397 568
782 243
961 240
294 708
971 126
334 197
670 785
553 788
393 660
121 958
838 572
785 879
922 318
750 620
135 938
662 639
659 781
388 380
319 662
610 528
766 412
366 348
521 291
556 859
653 945
453 310
587 825
581 853
144 454
674 115
822 508
623 503
861 263
322 763
279 833
723 949
183 838
496 859
617 972
267 501
775 894
194 471
553 270
838 494
802 804
776 893
620 210
938 661
700 213
561 737
262 295
823 953
557 146
102 554
609 123
842 189
429 367
112 883
211 807
382 214
284 971
785 599
683 283
990 417
709 121
987 961
378 395
659 167
303 557
983 682
432 896
113 683
358 181
878 394
341 727
835 977
811 956
709 735
836 409
809 136
937 891
492 389
906 813
426 486
499 551
962 505
507 952
106 484
240 202
592 166
792 761
106 292
679 923
537 916
784 804
890 706
284 202
251 376
347 156
296 907
241 466
421 465
660 741
842 267
919 431
515 670
305 154
388 185
299 382
865 136
673 827
321 323
850 756
884 944
959 484
836 192
888 559
243 374
434 253
788 655
326 405
850 690
308 978
744 248
169 905
517 326
713 140
511 747
851 981
404 154
881 191
926 780
824 653
984 165
387 897
135 466
935 802
859 374
262 369
535 212
595 135
882 283
571 956
667 296
708 233
243 347
733 923
447 678
403 607
639 531
400 692
574 840
832 714
396 467
562 417
865 488
923 627
887 987
211 627
202 281
221 922
434 159
581 670
991 408
214 995
471 447
736 872
116 342
793 104
727 791
822 418
328 894
442 776
503 252
354 461
712 457
995 361
807 695
815 885
123 286
763 919
172 788
180 747
430 543
540 813
226 615
161 139
530 819
358 131
476 464
540 909
133 308
476 138
734 679
679 205
434 810
743 614
516 797
409 727
807 402
231 187
863 940
219 556
728 621
112 533
373 596
611 452
926 331
194 743
566 670
505 119
623 991
480 314
208 589
857 753
388 981
595 241
976 533
647 876
982 202
288 305
109 799
863 172
566 153
500 350
404 174
811 495
765 780
380 396
406 101
715 495
266 511
307 945
645 869
231 284
319 170
544 282
939 350
163 119
777 630
885 810
177 132
202 988
371 882
743 734
973 630
695 702
600 499
152 440
533 675
988 911
860 940
547 261
966 975
870 999
149 644
827 477
387 894
486 736
521 312
492 727
144 195
321 407
545 519
561 205
429 860
597 248
975 639
502 588
412 152
882 135
261 771
248 968
953 417
316 588
750 597
557 260
512 652
397 721
876 276
249 540
697 330
887 598
559 209
754 722
795 109
954 930
472 562
430 125
436 228
133 927
614 589
636 880
235 628
421 200
308 874
360 730
689 384
300 266
412 292
139 825
154 741
456 108
984 165
267 877
628 739
349 418
161 520
696 383
135 827
264 425
137 122
576 659
219 459
327 613
434 844
236 709
479 518
426 776
507 618
213 341
876 960
968 445
696 890
662 132
105 458
688 807
415 799
644 952
195 385
467 773
152 939
755 892
197 161
909 583
573 186
240 520
158 567
440 223
872 674
344 540
379 521
992 968
552 546
695 404
775 566
354 492
821 336
886 567
492 701
298 697
799 378
353 617
991 931
578 302
273 320
967 376
958 907
188 613
389 163
595 708
853 949
413 404
750 451
642 533
462 425
328 577
378 593
442 755
439 326
112 472
337 180
962 434
131 864
317 878
609 633
291 770
755 853
314 824
561 394
326 161
856 849
917 391
432 296
123 519
720 729
218 736
246 534
808 768
580 974
878 274
378 307
567 608
979 263
402 994
826 988
673 944
616 556
353 719
331 381
366 887
330 879
257 633
128 102
845 544
523 650
703 940
858 163
852 282
365 183
717 334
779 248
987 320
941 113
947 746
339 391
430 744
547 999
116 265
291 440
729 175
443 245
303 414
551 879
480 873
915 662
379 581
701 236
998 394
629 905
423 443
360 559
928 447
451 546
767 480
256 358
405 131
209 291
472 812
709 880
254 713
467 989
616 593
425 380
737 172
716 557
706 501
127 284
390 245
519 209
265 374
901 496
870 850
420 743
277 125
980 952
756 218
680 224
504 172
209 195
913 394
181 101
259 866
837 322
770 175
550 967
441 656
966 647
119 344
994 696
825 702
548 127
620 337
810 812
569 392
287 384
566 926
210 982
684 893
379 579
122 766
240 811
875 902
811 591
359 639
563 961
424 632
713 991
975 491
474 275
805 151
203 650
443 712
562 818
641 331
849 906
437 815
713 997
803 855
366 875
609 535
200 237
726 468
616 909
919 782
274 730
381 633
884 141
819 989
461 906
631 718
432 884
971 364
764 316
458 667
288 644
375 391
392 720
720 342
997 440
394 458
163 786
978 681
528 741
166 719
260 231
790 418
512 650
456 764
877 317
278 484
127 435
417 118
991 226
210 279
330 671
100 732
816 554
335 257
664 140
564 572
385 730
716 224
394 866
926 176
286 796
104 300
924 624
176 563
768 760
801 776
437 527
822 143
738 326
618 612
866 222
924 780
195 229
281 835
746 609
662 514
665 916
571 928
340 617
540 449
760 529
491 626
402 122
711 869
933 498
289 208
583 550
237 847
391 974
378 227
910 720
647 136
638 858
514 443
614 715
193 389
807 759
288 332
452 165
858 702
170 339
827 825
302 894
564 781
702 682
966 972
766 719
721 979
476 902
836 544
267 520
469 723
480 910
217 748
361 749
294 143
686 609
522 954
752 573
456 905
274 300
271 730
283 522
393 840
124 113
936 348
156 969
257 437
583 780
197 569
389 406
473 931
160 996
428 479
679 833
929 176
846 380
447 222
482 897
197 230
368 932
503 291
756 478
658 615
183 636
889 345
123 700
608 202
645 522
595 884
833 539
780 396
440 173
206 209
303 555
581 849
101 324
167 257
648 937
374 760
422 255
608 609
684 537
614 298
481 619
752 945
301 886
271 599
473 631
397 144
230 632
710 882
198 597
823 811
303 284
410 641
944 490
644 438
829 555
446 554
395 505
593 881
972 380
924 101
542 131
502 997
794 824
823 888
598 450
103 831
313 449
458 898
993 668
735 291
341 150
110 959
578 309
186 836
121 324
829 460
581 472
894 523
251 478
414 915
249 680
155 592
177 681
148 349
908 951
941 199
425 370
573 960
127 860
114 959
931 161
212 187
441 762
521 361
858 890
848 534
254 861
854 871
634 708
584 346
738 742
752 605
716 872
829 523
490 378
511 770
295 739
460 727
140 663
207 691
856 354
294 964
403 335
917 984
567 156
716 526
790 236
671 280
697 925
834 533
814 211
124 468
393 330
656 737
268 744
465 140
483 993
554 678
109 713
658 551
710 550
990 709
893 299
241 854
187 820
440 522
949 705
797 742
402 638
553 526
621 340
931 244
306 657
226 609
632 534
587 635
900 257
592 764
780 892
640 246
831 615
484 636
851 810
147 566
896 796
656 846
903 829
827 516
367 209
263 941
773 680
781 478
638 406
443 395
137 819
169 209
956 631
719 959
578 939
403 494
498 345
484 403
916 659
989 134
573 658
212 512
285 600
954 636
535 340
191 699
855 725
547 310
527 963
317 416
371 680
172 584
538 934
936 108
619 710
273 571
691 984
676 586
101 696
176 628
855 470
809 604
670 618
663 787
981 836
958 460
884 158
924 619
723 882
454 645
722 751
337 941
350 163
235 378
647 718
830 193
712 200
327 225
707 219
247 182
100 105
321 148
116 630
332 117
389 499
440 842
280 769
269 523
284 348
821 701
809 709
893 985
292 284
447 506
924 208
798 666
809 678
540 120
328 992
286 860
438 158
519 442
213 315
751 406
234 207
898 186
529 631
880 382
963 105
553 600
601 152
357 887
346 656
208 330
745 397
627 832
169 224
660 135
924 582
795 825
370 104
888 295
448 373
335 223
648 756
581 834
735 264
872 358
525 365
849 162
891 803
894 114
985 575
387 821
870 742
791 285
278 815
720 542
338 378
195 946
614 910
544 169
267 940
541 105
351 307
232 327
465 829
409 289
911 132
700 339
280 482
307 368
716 429
282 657
727 568
406 556
902 987
147 692
164 332
705 879
277 734
943 412
784 580
871 750
640 358
151 879
317 723
619 427
788 104
202 240
505 258
950 164
435 195
885 282
161 327
544 118
759 445
673 459
858 902
531 449
835 575
170 779
860 966
821 672
978 515
896 878
677 176
786 260
270 599
419 883
171 743
442 186
130 994
736 839
774 293
690 714
142 820
358 114
457 225
906 826
172 115
644 891
949 369
469 623
632 327
198 540
300 653
250 714
224 653
197 300
988 995
116 426
670 682
360 451
297 921
369 573
571 698
747 884
745 558
619 186
292 158
823 600
777 138
279 888
127 286
688 465
119 866
330 560
333 769
910 395
963 227
954 156
247 903
974 926
572 446
174 305
554 311
365 608
806 773
297 195
399 981
677 553
954 558
327 478
696 159
121 839
712 228
554 476
386 867
628 485
533 806
906 141
402 990
133 791
816 940
125 141
953 537
784 416
342 821
128 842
323 737
334 324
428 525
879 537
424 403
167 489
927 936
138 416
314 749
544 777
532 984
324 997
843 172
818 538
1000 384
424 102
977 245
422 869
988 907
625 525
958 930
425 676
329 967
458 692
737 754
861 256
363 401
109 829
531 156
277 286
857 391
247 619
815 776
553 690
116 691
771 515
840 271
699 782
483 875
764 233
666 662
514 461
698 620
352 836
719 327
203 635
241 767
482 910
872 976
303 944
445 676
212 990
949 141
131 682
269 217
959 936
761 384
433 837
779 554
932 786
873 510
273 688
331 761
291 187
765 927
152 179
740 658
119 321
552 214
250 178
756 536
830 284
982 819
805 556
215 914
857 882
247 574
770 778
693 257
420 958
454 612
247 497
913 637
250 979
330 807
497 871
186 475
767 273
257 882
170 764
928 324
630 953
764 117
540 870
556 820
656 570
506 583
848 211
688 981
331 191
249 716
430 147
267 473
324 149
886 540
619 500
632 464
572 515
702 102
714 339
349 514
669 873
570 559
441 799
504 726
779 891
421 852
743 436
714 279
911 187
973 820
682 568
951 482
291 385
892 760
943 660
200 981
507 101
640 593
230 327
688 584
535 614
327 788
912 317
687 912
695 496
645 667
931 487
514 521
887 200
710 248
166 442
317 942
135 604
425 413
691 752
327 611
507 868
483 542
470 131
816 112
680 188
429 271
825 853
126 623
789 143
504 785
980 963
930 869
611 188
957 196
714 838
734 605
296 919
814 983
149 189
711 227
609 639
417 645
535 844
435 318
850 397
635 600
604 267
781 528
957 190
369 443
949 926
926 775
670 961
450 830
581 535
853 244
224 928
809 904
916 479
607 103
627 657
187 694
791 684
171 687
802 336
254 640
973 187
793 671
936 136
651 117
139 149
328 268
584 177
943 910
652 398
500 546
218 338
390 799
961 761
304 896
731 545
936 331
745 752
592 414
895 332
873 914
197 656
534 160
802 496
344 108
754 554
920 737
181 468
687 874
618 817
522 924
678 979
120 757
674 130
937 674
884 520
484 597
634 379
274 712
417 902
759 658
591 980
108 810
118 140
758 261
313 976
961 389
329 169
800 267
914 138
819 453
142 978
530 127
830 412
421 126
795 258
222 174
488 250
240 799
107 780
567 490
294 414
704 687
529 474
249 216
880 736
533 888
849 119
122 279
211 505
856 448
357 766
161 795
347 883
441 481
300 684
990 208
461 883
413 348
556 384
677 491
863 236
578 984
433 272
982 406
713 228
451 720
842 430
552 848
501 430
264 835
451 219
387 383
844 108
225 883
268 564
100 233
664 481
200 244
513 116
520 815
177 249
352 915
154 869
675 973
983 602
801 777
564 576
829 500
895 285
594 125
882 931
663 652
550 500
913 858
122 155
274 522
469 356
573 854
245 660
524 276
248 967
463 255
854 363
749 353
841 533
364 288
240 289
886 801
123 224
738 407
654 945
839 172
653 553
473 800
239 217
397 946
788 617
453 660
427 149
970 354
831 286
275 927
436 806
850 956
931 772
393 524
361 641
829 910
815 453
972 184
202 405
276 274
716 235
863 103
967 549
109 937
269 779
635 763
945 519
379 227
867 354
810 892
701 784
652 239
391 360
896 305
243 285
963 623
371 193
673 823
661 805
277 140
746 258
436 299
765 558
834 558
803 420
440 412
349 465
881 601
809 767
441 608
122 830
398 617
634 692
411 588
782 169
996 794
595 726
833 400
925 814
134 486
486 655
521 318
513 696
561 788
154 611
177 947
641 511
730 165
836 957
780 932
174 597
339 699
915 192
784 205
476 521
710 506
149 869
312 244
773 523
323 657
478 677
880 767
850 541
517 821
709 558
510 170
111 538
179 502
386 698
450 375
672 729
670 702
525 473
567 525
603 890
784 726
115 292
475 151
474 725
801 819
643 600
263 981
158 219
881 950
678 656
222 524
401 183
631 343
474 879
366 309
169 624
545 306
683 302
831 263
343 515
695 120
666 863
532 467
613 607
604 608
807 643
876 606
292 248
384 752
510 330
707 717
323 784
502 410
764 648
732 867
938 995
244 133
889 179
907 740
267 854
846 501
694 753
471 216
557 937
344 519
818 521
503 919
727 693
267 959
448 330
894 180
867 470
807 980
848 728
739 746
901 340
652 492
621 175
347 474
792 299
546 390
318 966
212 760
842 911
273 272
476 865
395 387
604 713
959 366
576 819
893 551
649 352
144 263
372 307
849 389
680 536
487 269
546 766
744 311
413 356
748 505
389 180
496 200
373 759
952 438
399 180
249 829
728 376
143 284
123 795
305 429
132 412
836 454
949 899
477 642
587 452
449 926
329 145
760 204
768 599
230 150
975 951
302 246
458 255
515 485
865 620
974 679
555 251
380 737
322 820
868 937
743 661
931 325
129 295
608 978
854 916
652 244
408 450
880 473
222 114
470 878
481 721
750 234
645 101
406 306
577 165
221 239
612 894
171 902
623 658
736 734
439 113
726 223
501 614
504 871
255 334
884 546
546 178
583 480
680 532
136 880
682 515
155 884
215 692
688 702
455 466
302 374
662 483
590 407
686 310
274 437
993 867
855 859
984 343
589 108
199 661
460 839
665 341
347 675
970 555
976 596
283 220
747 410
104 876
274 725
297 202
290 534
297 405
641 438
191 829
788 344
877 357
141 526
930 782
865 641
805 643
876 679
615 873
663 433
145 872
353 835
137 471
955 151
462 571
675 812
942 139
486 509
573 338
270 213
780 902
720 426
800 810
980 915
376 731
290 178
396 972
814 174
406 648
582 911
790 557
804 213
915 640
912 921
764 761
491 574
974 961
605 803
509 496
753 488
125 204
746 709
765 527
221 982
629 742
776 995
402 551
245 273
433 959
800 641
663 463
824 611
522 759
665 515
568 959
685 952
418 604
555 535
447 649
817 340
839 679
682 217
620 246
532 980
856 257
526 652
605 959
906 531
489 178
550 244
893 902
848 835
641 200
354 907
317 111
501 365
728 217
911 184
365 193
878 508
190 286
717 663
280 642
735 876
206 563
332 111
722 631
521 487
996 952
819 332
971 564
756 221
934 992
776 557
369 342
424 196
632 555
959 306
961 436
817 924
452 255
863 570
209 876
898 271
586 526
208 164
573 939
148 912
262 261
317 913
964 738
127 905
326 779
699 246
470 484
884 552
292 867
807 425
782 441
711 675
982 941
475 127
171 710
797 432
394 818
506 463
167 456
505 947
160 659
214 911
998 347
766 466
742 393
389 407
924 632
439 516
914 639
756 793
678 169
926 537
708 834
183 893
345 311
713 445
293 607
270 995
584 869
590 680
701 930
703 834
173 720
533 465
523 183
647 300
572 592
502 819
685 479
216 578
497 262
245 737
602 428
497 898
443 782
902 827
121 965
548 741
876 536
817 854
175 682
561 536
698 492
762 188
839 362
226 188
980 272
243 824
466 485
217 560
867 327
998 672
914 137
522 885
110 989
996 643
673 830
740 344
531 915
890 768
328 566
314 283
905 690
628 568
315 891
268 201
644 259
593 606
974 634
784 528
958 606
174 216
661 607
578 397
120 541
168 776
388 171
541 238
638 492
369 380
512 963
635 546
680 251
655 396
702 706
879 657
433 611
286 747
637 722
411 937
424 323
578 277
483 138
834 721
651 819
507 635
549 672
824 117
979 813
191 230
178 606
692 518
967 345
522 788
173 501
110 473
255 155
325 836
856 564
118 991
997 427
280 700
741 671
301 422
863 740
785 724
361 605
971 520
672 792
105 837
510 913
432 508
497 292
970 109
837 601
376 758
776 400
644 150
246 371
583 627
957 654
762 871
791 627
495 885
650 805
732 677
615 171
191 429
347 359
185 266
495 438
319 436
320 729
798 970
952 393
282 461
331 650
156 547
855 437
963 816
613 100
757 360
640 245
834 783
416 212
761 570
695 177
273 742
118 809
626 469
675 237
626 831
894 479
940 635
123 595
892 889
569 638
725 995
512 537
556 426
329 643
594 564
959 628
898 908
288 263
654 567
193 980
772 935
285 207
753 177
746 888
317 127
531 254
820 548
943 245
551 329
582 584
985 764
239 793
784 773
642 960
120 204
544 354
665 338
785 382
104 689
158 457
851 980
502 212
635 100
409 759
634 189
649 326
296 664
565 626
447 203
235 112
168 720
412 625
586 143
549 991
208 489
864 402
336 154
241 374
930 779
654 705
586 682
536 723
743 939
686 989
545 616
792 150
698 211
277 790
625 544
746 463
490 941
505 635
619 982
789 195
761 248
510 185
488 479
416 337
623 927
295 869
517 986
109 545
926 105
249 607
347 900
868 734
339 199
325 698
615 556
346 528
816 766
675 877
836 284
255 540
298 339
163 730
792 166
296 932
428 473
896 564
384 304
374 251
253 825
633 821
476 379
202 346
729 579
110 911
884 711
650 683
695 749
346 138
307 282
869 922
403 459
158 211
321 800
787 600
592 946
973 524
807 507
712 100
603 641
179 454
270 869
793 978
569 780
536 843
658 832
975 773
869 199
763 822
823 317
432 673
981 867
631 932
117 249
755 980
307 652
258 880
633 956
694 450
412 953
109 362
681 513
577 858
173 463
998 482
413 174
183 648
166 985
293 732
218 703
276 455
363 468
647 875
963 388
135 368
641 859
145 466
131 915
204 289
751 819
225 367
317 702
712 449
365 953
108 236
429 858
515 876
944 201
356 746
897 794
324 699
147 970
230 224
996 582
193 122
782 860
837 343
275 264
249 596
207 233
922 193
698 995
695 368
706 185
163 859
185 166
548 704
857 865
881 787
626 579
818 777
259 542
135 359
470 152
218 202
376 299
631 281
640 367
773 584
285 327
791 587
898 197
990 217
344 426
944 741
988 151
728 359
777 324
941 535
191 181
380 834
748 332
582 505
773 290
160 593
761 824
932 263
327 272
725 768
482 977
866 604
431 203
461 414
311 877
753 915
624 827
741 655
960 768
402 970
153 806
179 640
642 291
322 510
834 139
474 714
353 921
756 209
845 136
347 529
933 333
717 226
959 416
766 884
412 728
253 434
243 376
581 939
572 298
363 880
822 330
712 572
781 450
513 575
976 928
261 123
825 816
748 616
641 911
158 574
796 196
821 564
702 724
725 741
703 667
357 114
674 698
984 540
590 293
909 337
902 613
377 921
993 170
732 900
688 683
715 784
258 364
837 231
664 379
358 292
408 267
515 622
308 411
171 799
599 155
812 760
994 514
818 108
785 657
737 319
361 914
461 440
936 942
826 291
245 702
736 866
900 317
204 327
301 849
874 936
535 372
911 917
593 627
726 195
940 571
681 814
829 288
392 998
565 316
788 250
314 728
690 922
259 509
753 991
478 532
721 331
691 808
515 764
418 992
366 265
894 487
403 605
163 343
589 534
341 982
672 980
651 280
524 693
574 609
135 478
755 924
417 794
422 667
445 634
365 422
444 582
465 220
505 477
191 404
350 606
144 920
879 651
726 910
667 542
467 398
118 584
364 347
686 956
535 624
660 598
464 570
957 833
795 244
528 725
363 990
206 925
158 697
253 770
515 488
499 972
107 812
601 536
638 778
930 447
517 714
669 669
232 426
400 686
258 130
231 501
347 205
325 695
257 638
785 245
200 986
622 697
526 742
835 252
782 908
172 375
665 173
609 339
334 116
133 918
651 466
671 733
423 600
361 604
376 770
826 181
682 776
468 478
815 482
603 992
309 132
785 699
949 200
546 725
951 443
687 528
907 386
137 118
965 506
615 634
419 903
961 145
635 438
796 934
212 931
826 220
590 502
365 166
233 489
702 755
112 490
742 789
716 811
691 566
718 306
652 523
376 960
462 411
387 887
685 977
798 617
229 840
548 703
999 890
990 700
684 536
901 603
755 836
770 723
639 804
992 368
703 758
749 661
827 470
286 868
572 176
375 639
952 816
915 763
502 920
436 516
235 236
304 747
168 934
621 127
957 259
973 653
756 463
352 856
905 875
692 128
698 409
663 551
466 746
560 786
959 933
396 398
635 535
988 237
185 219
602 208
276 183
264 724
875 390
119 817
271 225
612 958
539 230
527 881
853 493
177 265
894 137
769 124
154 984
819 232
559 214
560 937
895 408
261 185
384 986
790 144
302 920
113 586
720 798
971 807
765 695
297 468
139 464
528 917
144 966
573 654
466 993
764 102
958 537
916 227
728 264
297 727
476 255
414 545
958 908
588 373
554 807
277 616
163 648
134 167
940 947
256 503
148 482
746 121
323 462
671 275
763 835
525 773
395 589
518 283
860 837
953 572
560 635
252 544
839 150
935 959
927 144
971 908
250 696
617 380
542 537
754 852
834 825
582 386
899 555
719 840
627 544
167 280
803 264
672 729
993 765
770 516
292 977
860 778
178 385
177 257
789 910
199 259
229 815
823 526
817 943
772 502
154 929
536 542
598 866
519 479
162 792
356 508
789 635
599 175
859 219
562 311
309 206
184 430
857 713
623 748
817 970
770 835
859 226
163 187
572 394
513 446
566 124
139 241
706 504
103 138
772 327
123 649
309 504
206 940
591 402
226 565
646 452
848 789
267 549
281 827
166 931
679 818
580 824
877 473
364 939
177 948
874 130
956 330
854 696
503 362
380 222
461 531
340 247
913 331
462 702
171 939
708 777
229 780
786 846
497 302
783 741
952 555
974 303
640 736
934 696
511 580
327 200
581 280
793 594
260 692
717 935
439 185
558 575
800 527
796 714
520 143
753 501
463 1000
773 482
382 602
364 656
352 435
134 157
345 404
490 953
590 716
491 557
996 592
394 877
829 691
586 672
887 109
922 522
499 714
522 257
156 158
150 245
144 198
972 549
689 969
458 561
734 906
908 691
164 948
549 923
254 954
275 750
225 592
334 778
834 406
900 215
818 206
107 484
118 200
281 404
719 124
374 292
348 854
262 688
498 651
743 454
898 607
395 712
496 213
607 932
205 309
561 753
246 730
385 153
865 785
559 428
510 533
214 156
319 488
866 307
521 971
879 565
308 826
915 946
257 425
275 945
244 807
369 172
608 102
783 733
781 359
784 316
799 746
988 639
903 402
887 858
799 481
645 368
715 649
328 852
736 192
907 329
418 281
122 862
403 388
446 884
843 465
256 711
320 721
910 831
122 907
972 818
783 289
207 210
513 102
667 911
416 172
819 487
350 274
887 962
510 392
536 332
541 877
287 239
154 557
734 727
193 144
499 170
889 439
196 805
685 390
894 579
156 993
257 551
906 268
357 570
602 281
555 118
344 967
952 789
113 735
368 268
292 839
168 351
122 455
849 232
769 745
373 164
130 265
590 127
485 219
963 372
176 117
438 152
322 660
311 804
794 449
642 551
791 181
648 226
419 767
645 130
250 599
874 909
697 924
813 434
882 605
809 171
357 546
323 188
787 987
213 382
822 864
264 371
953 914
112 568
844 432
568 742
441 980
181 257
584 951
631 625
317 120
857 789
450 967
368 737
872 166
388 478
413 402
493 344
653 950
462 834
207 504
767 173
926 357
853 285
225 693
755 265
439 834
405 750
511 173
330 889
885 538
502 245
389 492
914 542
827 657
604 834
132 286
394 698
204 856
337 953
678 586
522 896
847 113
204 556
930 251
317 558
776 199
622 258
711 594
798 536
557 475
951 213
869 870
838 210
249 295
115 359
532 354
392 958
637 168
164 218
303 339
439 981
692 775
316 501
228 832
456 249
404 838
597 516
347 991
795 716
729 821
385 205
158 850
618 322
376 490
712 145
695 620
724 269
713 699
209 483
633 166
856 107
326 750
324 840
681 418
886 869
708 154
179 678
470 401
193 345
273 387
334 135
874 644
847 150
817 383
602 689
172 785
669 197
808 689
794 689
1000 950
957 807
833 520
384 401
345 441
750 200
545 886
849 681
703 507
327 943
665 332
194 129
280 664
820 931
675 757
202 645
139 578
505 951
772 112
719 841
378 455
677 378
362 544
602 198
942 852
903 316
905 113
950 963
307 413
947 684
639 646
468 110
942 196
692 971
899 480
147 234
522 569
651 592
864 651
614 644
641 289
343 766
200 985
853 175
713 454
877 668
664 379
223 329
955 519
656 544
874 709
412 249
878 265
703 184
912 355
859 973
463 792
386 503
624 393
319 151
460 544
208 971
226 324
343 592
181 159
698 911
961 247
674 979
553 397
330 400
188 530
513 603
746 785
133 381
265 598
310 518
186 625
422 240
783 559
964 329
717 554
499 246
856 837
611 644
973 954
442 924
688 820
850 591
704 948
833 288
620 192
156 736
524 597
224 335
922 308
179 915
708 363
593 762
459 627
888 280
804 984
566 999
911 781
807 116
941 902
731 254
577 362
401 147
566 608
736 655
712 267
347 953
129 745
313 304
367 605
504 251
381 747
241 932
629 327
154 695
859 109
499 407
233 600
516 566
629 675
682 372
339 877
870 278
827 740
260 324
867 454
727 935
517 777
118 825
481 685
349 255
801 700
942 554
438 943
430 463
616 953
445 156
623 607
721 820
527 644
717 467
334 885
172 529
297 926
986 482
144 436
258 498
238 335
929 942
539 957
804 182
456 669
680 337
643 301
130 196
656 861
152 737
363 790
272 720
867 878
797 429
143 490
247 969
713 732
855 669
961 912
608 276
841 645
785 115
269 204
404 525
279 667
599 823
936 946
540 556
122 448
694 865
720 138
511 701
215 566
234 130
528 624
148 782
524 443
300 991
489 488
507 488
508 932
733 762
569 675
836 944
482 395
783 252
791 635
697 649
462 147
568 444
954 599
813 266
309 650
504 299
161 865
586 917
253 222
479 857
212 788
845 643
519 695
249 593
870 891
771 825
140 715
257 456
409 811
329 472
169 137
571 739
958 850
175 716
764 493
476 503
599 702
338 826
754 540
922 830
517 864
397 796
651 638
903 986
419 896
268 915
811 701
729 293
743 390
602 222
291 262
461 885
871 852
650 262
431 170
613 699
785 688
757 571
947 1000
640 225
137 725
640 547
825 174
152 721
904 459
903 535
724 201
950 471
847 289
880 794
782 396
399 545
151 927
711 774
626 442
535 708
621 190
338 938
712 950
122 154
913 998
325 566
602 685
263 519
297 550
975 807
219 567
197 853
803 306
400 565
169 377
851 161
783 201
864 375
257 785
763 602
713 451
950 612
305 814
661 119
354 196
288 918
194 317
622 770
316 634
155 637
146 878
359 242
139 270
877 167
355 362
101 429
461 549
915 371
747 969
558 709
882 232
853 226
994 302
474 896
522 972
187 689
231 183
584 485
259 376
360 960
683 752
241 443
287 294
926 819
689 719
506 837
591 593
882 561
351 895
633 882
297 812
526 749
810 219
585 868
717 510
234 328
400 983
371 805
717 347
661 162
188 815
388 348
220 186
248 405
943 664
122 867
781 529
876 354
812 875
903 546
127 566
632 627
472 479
950 377
400 447
350 759
238 754
552 458
663 286
482 945
768 111
799 879
138 880
754 763
158 891
684 255
257 655
849 947
842 493
121 722
856 577
563 674
652 685
586 578
946 899
926 825
988 286
519 753
391 502
239 847
529 142
405 717
109 730
177 813
974 603
529 444
950 844
561 914
926 663
512 525
654 545
683 629
930 908
719 706
370 807
737 509
627 584
513 640
336 492
880 466
341 397
364 671
915 710
433 967
259 569
770 729
591 627
104 129
772 249
976 661
878 848
968 490
916 693
563 662
522 519
552 322
427 721
227 784
920 793
520 676
748 602
823 734
681 752
176 715
729 237
467 715
439 810
166 837
500 782
455 283
498 599
842 382
359 432
278 104
348 932
707 728
598 168
106 459
825 911
402 588
449 651
921 713
580 109
530 768
809 612
331 278
167 513
623 454
597 807
253 358
795 679
391 552
718 690
944 124
944 382
592 700
381 509
712 126
455 981
402 649
643 340
500 615
300 471
417 415
841 721
967 292
472 627
224 557
325 523
825 209
905 738
259 368
991 826
115 377
777 511
289 174
234 778
715 907
889 326
143 150
848 535
206 452
442 362
488 504
162 415
792 982
560 101
995 453
377 987
802 137
845 758
435 265
856 466
524 795
447 480
345 939
410 305
792 248
676 681
675 459
637 610
957 349
506 504
624 380
765 857
483 468
385 597
231 375
785 993
861 371
910 835
395 945
893 909
745 605
897 422
175 417
567 151
432 533
699 750
331 313
486 492
889 573
140 263
874 421
667 535
713 393
480 856
543 962
977 584
441 885
191 449
135 610
266 463
157 449
573 675
318 732
315 234
623 537
951 665
238 129
997 173
697 578
790 144
365 734
176 517
755 987
524 283
518 966
372 382
415 984
862 346
325 304
393 328
413 631
466 448
933 232
433 280
917 214
392 443
946 627
631 851
529 321
100 863
253 714
771 626
280 492
451 332
517 650
702 983
688 848
718 428
652 679
180 986
628 686
956 557
198 467
461 204
593 563
121 297
744 674
463 465
432 383
856 528
637 476
275 169
739 722
348 489
727 688
890 466
408 145
226 993
695 786
410 253
838 147
263 530
447 896
627 408
237 998
285 738
959 851
810 725
555 806
724 455
770 783
175 542
794 338
972 586
641 935
207 366
795 1000
817 385
468 359
571 221
537 982
362 402
460 925
362 507
640 189
597 466
691 354
256 724
882 250
736 299
794 350
102 526
283 914
651 886
669 347
201 190
665 421
639 462
906 382
234 106
927 882
481 504
520 749
892 524
411 129
769 785
745 608
469 968
669 600
499 215
665 912
190 918
746 467
894 313
897 256
479 290
952 572
693 975
929 486
579 870
782 911
166 895
627 214
270 865
644 482
730 708
487 952
314 305
128 861
916 405
219 548
454 901
841 452
486 931
559 391
239 586
598 739
694 318
237 708
274 281
997 308
136 583
722 367
869 997
893 922
447 453
814 893
480 875
445 521
956 980
863 837
924 490
139 523
218 655
767 725
670 271
668 866
319 999
202 821
675 542
556 295
957 120
113 546
657 974
688 316
897 644
638 414
517 468
379 668
232 580
377 633
161 934
990 572
480 990
278 926
349 394
607 446
288 711
593 914
691 706
510 715
168 324
233 393
760 234
260 306
502 245
444 834
253 765
968 238
849 147
744 820
908 540
960 677
354 769
339 298
758 764
627 509
606 968
530 233
890 279
714 120
219 201
299 864
567 321
269 291
610 610
420 753
211 546
279 279
460 452
237 794
359 996
283 302
984 510
333 382
359 799
864 196
649 463
323 685
946 143
390 784
985 101
209 813
406 313
517 195
693 390
495 445
723 223
429 708
670 325
557 421
459 424
654 658
271 980
766 856
783 376
325 382
796 415
120 551
713 337
723 294
185 369
586 798
410 974
954 352
107 921
827 310
243 348
319 550
134 405
214 346
472 933
972 512
188 923
401 973
180 839
235 675
353 361
206 804
709 940
614 767
324 612
398 577
347 202
678 607
839 521
132 508
495 338
444 594
371 380
592 344
843 433
341 172
531 358
963 299
564 403
518 659
284 965
502 427
741 236
952 542
770 952
531 387
286 143
227 837
949 191
476 818
342 404
405 764
632 561
180 857
417 994
668 190
485 603
886 155
698 253
407 705
335 413
319 636
766 618
715 707
862 905
906 756
565 465
341 951
258 767
956 638
617 252
574 435
785 835
361 702
600 636
207 314
229 420
232 232
868 201
460 701
210 458
514 243
454 564
334 606
497 629
814 274
1000 121
244 469
942 880
869 176
639 932
256 644
652 675
371 550
769 281
315 195
284 850
571 103
702 454
856 202
792 166
197 327
457 400
400 267
234 134
108 211
340 488
775 841
154 323
910 497
741 212
422 380
492 412
689 418
200 343
292 686
462 295
229 886
256 126
473 781
750 191
461 144
293 269
710 429
398 112
793 149
258 419
730 893
805 690
241 609
768 925
326 550
175 393
772 886
117 449
390 947
966 567
176 324
382 767
672 885
554 613
560 372
702 293
553 644
644 905
165 467
900 588
525 999
100 583
920 733
970 385
764 158
102 272
367 952
212 991
402 200
700 144
633 336
543 303
816 188
190 499
266 230
854 870
741 472
536 441
176 109
589 910
164 499
414 549
321 324
744 533
205 748
466 203
194 798
796 945
344 646
689 367
760 218
107 497
539 551
836 492
164 814
689 289
353 434
689 140
889 238
750 551
197 232
475 188
457 691
551 908
564 654
816 369
456 137
125 739
874 967
304 356
973 305
888 608
489 219
187 756
325 822
384 965
992 713
517 906
455 747
883 887
108 109
435 754
121 872
214 135
217 643
364 666
869 442
974 159
264 303
447 968
856 943
415 811
672 264
240 388
525 192
517 751
781 385
812 944
803 152
585 736
616 156
932 956
676 648
472 736
299 589
589 164
241 711
664 392
941 283
485 809
124 184
748 206
281 132
551 703
213 755
270 323
347 155
678 361
231 874
921 330
497 593
197 386
137 491
893 608
971 659
802 866
588 336
198 441
490 607
910 176
923 373
273 789
327 678
168 763
107 836
556 141
560 218
786 686
167 537
723 943
661 577
761 446
762 320
231 597
573 187
543 808
419 355
743 830
819 193
401 634
277 345
487 899
361 565
284 790
646 277
185 446
892 393
493 655
327 682
212 146
418 950
792 189
495 248
542 477
493 432
403 308
268 794
776 703
894 244
841 385
439 401
608 683
119 815
155 445
735 201
885 308
767 312
328 677
747 909
275 637
376 819
875 801
498 308
841 176
497 171
425 597
307 209
467 712
457 597
426 203
505 875
438 551
643 130
112 304
737 911
465 651
585 154
680 222
556 419
708 225
948 569
331 901
777 809
226 941
271 110
344 1000
972 950
844 783
381 452
892 997
471 116
994 501
556 171
874 134
415 169
457 937
582 294
144 745
868 562
431 474
731 128
810 753
716 566
178 351
310 563
656 791
581 609
531 342
470 479
806 190
813 656
787 803
152 694
413 675
879 852
630 179
803 743
549 850
930 307
688 678
701 271
395 131
906 780
834 554
863 739
804 926
213 770
287 701
491 544
706 847
334 305
683 616
306 772
899 162
563 293
349 163
116 977
262 713
556 601
690 165
466 609
553 110
175 678
142 924
911 673
478 951
535 358
377 159
297 759
321 893
504 932
610 714
417 971
247 919
614 542
417 619
833 626
651 756
457 555
108 784
392 486
648 606
795 401
395 804
533 898
215 876
599 813
878 543
283 367
719 716
506 644
494 860
588 168
276 745
306 365
676 246
658 366
326 152
756 786
160 479
263 498
360 519
864 636
370 937
208 951
412 832
233 542
225 190
939 700
906 115
841 203
941 729
622 338
972 811
464 195
658 322
509 331
400 693
279 887
551 861
415 975
259 800
859 991
757 726
407 291
178 909
731 650
757 251
349 746
601 752
342 665
723 515
680 628
967 551
441 186
450 373
474 910
649 314
881 428
285 614
930 398
493 512
740 905
133 537
764 823
603 323
337 392
560 437
557 361
604 398
873 329
320 675
1000 555
524 915
399 585
526 608
392 543
295 709
856 192
977 666
456 854
468 532
587 180
886 990
180 180
441 331
361 907
664 927
568 486
804 528
1000 763
741 873
136 820
589 589
442 701
478 487
590 525
877 535
792 280
112 767
391 961
711 765
611 692
460 406
950 654
815 931
225 723
287 690
618 979
436 865
482 134
812 629
680 478
396 242
722 105
340 259
771 354
779 305
734 234
127 370
941 583
423 725
125 527
447 560
351 923
982 373
206 737
748 108
769 323
129 512
859 696
968 876
606 409
842 634
155 611
338 474
506 290
285 798
753 512
363 745
107 712
127 345
884 514
461 689
695 860
668 856
505 643
774 742
829 672
419 872
977 473
923 485
785 753
795 469
701 239
930 709
615 496
225 497
780 388
959 362
668 106
111 511
731 139
330 823
546 813
181 371
369 926
172 923
569 350
470 750
135 629
732 308
884 731
526 933
706 792
483 971
867 838
607 676
280 870
640 648
903 690
542 479
125 273
609 550
566 905
236 884
523 624
509 507
573 139
789 166
888 311
201 109
637 720
153 889
103 250
675 532
416 160
541 192
575 821
693 414
950 252
306 409
517 905
818 539
420 163
100 829
768 148
307 547
630 693
195 567
326 747
610 432
554 658
917 629
297 148
709 446
636 684
699 878
160 813
767 921
974 263
778 228
870 565
712 564
991 494
101 671
689 257
921 906
224 535
270 716
765 739
359 544
177 245
114 215
741 475
701 290
740 142
260 457
199 283
372 599
959 976
659 144
525 121
670 349
633 682
445 177
477 338
998 588
945 235
376 317
364 438
445 917
812 368
886 201
945 535
481 642
520 378
129 900
289 499
147 548
913 574
421 237
146 170
625 253
549 551
580 312
205 206
213 250
666 847
711 506
409 607
802 906
198 651
1000 380
738 838
180 267
947 958
353 550
603 219
955 110
112 409
140 548
322 520
750 145
540 461
637 910
916 789
779 888
725 722
269 570
876 225
696 409
249 703
592 522
843 926
902 224
765 379
141 695
251 455
282 309
306 753
742 958
353 642
124 655
660 497
484 293
415 158
929 491
356 725
511 427
420 582
696 734
581 927
127 952
601 239
445 983
126 734
870 515
984 702
494 856
492 783
246 958
645 223
913 146
872 241
163 209
997 506
549 947
694 334
170 456
785 830
474 655
268 241
173 185
724 372
558 100
741 797
965 327
871 162
215 515
674 560
622 904
190 649
815 167
714 252
535 630
593 189
741 996
740 712
288 433
994 620
978 860
579 269
520 880
373 337
363 790
635 565
652 818
221 179
506 608
183 974
294 186
369 251
465 447
301 886
948 635
408 264
821 647
133 563
529 235
873 291
805 658
643 546
681 671
553 941
659 803
818 293
622 477
423 310
299 547
130 411
575 614
363 552
642 179
673 335
107 605
522 950
187 930
369 377
467 887
246 234
955 972
822 398
482 730
475 238
130 607
202 795
259 848
241 147
593 752
914 358
989 372
703 941
420 389
364 801
257 612
487 230
887 193
763 561
687 674
865 688
257 989
425 868
806 271
872 961
867 811
231 471
985 401
891 152
925 740
418 611
886 692
795 349
817 223
103 558
186 426
705 903
545 917
486 654
641 465
728 283
327 614
319 163
683 368
844 926
670 645
391 271
338 880
206 955
314 304
676 436
930 883
389 237
995 382
438 309
771 607
940 484
432 741
723 444
590 517
690 510
990 825
494 962
903 493
490 966
849 102
376 334
262 491
113 178
772 109
897 947
757 809
715 391
102 849
275 103
495 609
134 794
928 625
133 281
188 804
866 662
976 939
147 547
866 524
576 297
190 482
633 376
656 404
379 888
282 814
780 466
936 669
231 422
496 863
872 758
294 299
380 631
952 932
649 659
509 993
964 245
283 137
270 408
466 137
200 282
404 288
843 667
876 798
930 571
730 180
631 892
138 484
876 713
862 700
326 945
875 305
717 402
689 612
590 423
349 393
235 807
112 454
979 962
675 816
312 789
396 539
978 546
282 857
463 952
327 912
786 924
537 489
460 675
789 584
884 464
117 343
560 557
513 736
874 642
279 499
282 823
465 911
548 939
434 836
528 390
658 619
833 275
684 792
597 134
951 916
442 571
924 707
746 208
761 198
552 768
222 693
303 549
291 953
412 707
995 872
992 859
493 803
463 933
137 633
164 316
568 695
808 390
586 678
519 906
412 338
525 341
512 761
977 341
545 775
269 356
516 455
900 942
942 293
284 908
275 651
325 861
602 687
597 999
882 675
392 945
884 434
769 788
249 804
374 412
758 158
217 728
705 467
635 435
787 531
148 984
532 535
116 550
222 264
125 308
417 899
358 161
892 133
827 381
854 632
846 344
772 741
445 784
515 679
518 837
836 472
805 724
653 120
920 603
141 882
867 772
186 723
222 921
683 922
373 781
706 451
341 459
103 875
810 494
768 932
264 241
232 153
840 474
877 497
192 512
800 935
239 395
637 300
306 740
508 615
165 369
956 657
341 663
820 596
754 870
314 736
898 128
432 157
732 150
485 594
628 846
429 754
442 272
166 768
883 594
580 555
507 494
249 517
127 238
134 508
853 776
863 238
556 721
745 593
210 927
571 934
120 108
431 305
699 674
421 498
175 225
504 113
253 671
393 827
295 842
859 681
968 211
828 175
978 146
414 380
766 528
869 369
909 513
158 572
113 998
484 254
329 498
405 649
625 599
755 627
314 919
238 133
236 543
441 769
108 479
449 903
743 465
681 208
327 921
349 529
661 428
159 746
160 121
487 936
429 556
704 985
278 881
755 206
629 370
107 212
218 289
859 705
676 798
247 845
893 576
935 774
278 755
344 632
427 160
487 624
372 745
828 794
170 911
364 918
790 386
646 759
759 318
654 287
523 274
327 671
182 523
971 513
659 945
650 646
896 716
851 349
167 371
226 952
306 564
933 546
736 291
430 938
769 436
217 100
489 933
653 278
544 898
287 867
354 102
790 589
739 451
583 534
442 633
425 299
514 299
840 236
469 626
615 888
211 747
848 299
287 627
521 424
798 816
579 412
509 286
573 549
427 219
795 526
109 749
359 601
750 223
317 782
430 354
382 766
746 562
408 877
500 883
226 122
720 114
384 751
457 206
820 206
707 801
977 948
196 276
542 502
422 490
427 213
572 299
971 626
389 123
318 647
700 957
355 122
552 747
108 844
352 957
243 221
376 485
412 704
828 431
544 232
120 546
483 526
446 787
249 392
570 622
127 113
884 630
307 237
592 331
683 612
493 654
596 661
402 867
461 767
580 974
424 183
827 240
214 997
840 525
187 951
294 963
912 566
620 377
681 719
940 138
655 710
109 442
543 764
375 936
905 576
354 290
126 890
662 992
846 907
583 618
357 107
916 392
311 844
275 183
516 123
370 472
629 342
497 489
782 469
318 737
577 243
461 486
873 127
821 333
400 602
998 584
488 744
888 245
877 275
571 812
731 727
666 172
451 939
963 871
411 395
431 720
339 280
664 303
621 440
515 969
986 430
617 903
643 761
780 603
658 994
890 794
548 245
331 773
972 439
592 466
867 699
896 525
648 225
426 359
314 606
257 928
277 526
599 466
441 381
759 884
753 154
860 454
870 852
158 435
156 293
409 581
670 228
279 601
903 762
706 277
588 608
719 966
156 415
862 203
197 964
453 321
725 423
231 908
222 943
379 588
223 237
795 949
618 374
596 209
599 597
416 294
989 680
235 486
610 309
956 843
381 713
910 149
409 855
626 578
103 429
234 235
467 647
960 767
288 668
340 481
751 866
356 306
173 306
170 601
337 918
964 791
453 844
818 671
898 600
254 751
287 862
990 300
384 368
753 735
551 721
604 249
340 162
821 713
568 559
629 669
862 987
458 376
961 362
446 460
779 292
766 668
267 220
715 712
184 198
984 262
814 971
462 778
864 698
304 962
122 181
497 141
855 705
286 593
462 846
391 597
779 875
381 386
232 666
806 513
938 810
525 706
713 102
837 479
843 628
528 189
583 311
388 607
411 732
730 215
423 482
790 707
113 153
962 382
460 262
630 326
437 764
131 843
236 226
434 894
157 389
655 294
368 435
218 634
232 321
238 527
448 213
515 970
563 241
847 203
533 385
685 926
305 754
222 323
167 659
942 300
876 893
449 641
576 133
752 191
668 242
703 717
489 300
775 639
576 596
557 442
165 841
258 211
236 609
846 282
355 344
414 499
321 255
761 941
206 698
612 1000
267 664
948 293
900 487
783 902
969 406
743 954
238 119
468 666
145 760
853 154
258 576
124 647
321 761
766 339
138 267
151 505
278 136
779 148
943 653
506 553
677 601
463 974
421 350
684 465
284 654
418 402
986 573
152 219
417 746
847 103
435 516
786 852
204 790
860 507
691 122
599 750
134 298
949 981
659 294
389 539
259 153
885 411
715 233
423 963
475 944
614 597
228 525
906 580
734 858
597 642
942 530
178 564
282 392
674 524
491 923
401 702
141 157
392 976
526 896
766 793
966 191
889 103
424 590
918 368
607 107
156 170
955 500
590 988
381 601
335 742
385 205
854 996
959 251
801 768
953 122
320 391
513 377
155 155
231 681
231 743
912 824
844 865
598 375
996 831
964 771
273 261
995 795
581 398
965 262
491 735
885 646
331 871
760 839
886 774
164 299
984 647
541 552
562 181
644 714
712 562
606 548
811 130
687 423
334 453
727 801
349 349
836 262
794 501
338 186
523 937
947 870
777 450
790 249
917 899
206 215
878 575
684 573
839 352
339 253
683 998
764 631
917 739
767 621
974 783
671 506
824 830
469 893
525 318
264 596
554 901
387 536
151 234
610 575
111 449
391 604
938 801
551 810
555 364
657 139
489 735
204 547
199 528
638 441
783 979
550 820
892 887
541 708
640 944
928 552
528 587
974 505
223 785
132 876
860 891
447 145
915 601
915 430
909 480
806 126
147 741
932 536
703 191
108 846
612 778
766 529
258 719
554 978
755 129
657 337
143 917
122 935
125 174
999 906
154 470
682 641
744 451
718 676
305 474
597 372
611 612
972 493
654 930
921 690
298 753
833 373
581 586
976 461
441 664
903 943
381 883
856 947
973 677
477 733
218 439
454 315
296 956
960 212
285 337
184 276
379 503
625 394
477 915
563 831
880 358
366 112
932 896
933 509
663 439
908 297
238 139
281 688
460 522
169 226
440 489
186 949
941 206
884 526
721 208
941 547
826 878
674 238
391 289
328 812
350 942
352 474
162 490
698 223
400 683
209 761
540 131
104 839
497 500
380 526
332 176
973 638
410 817
917 379
606 255
171 509
506 736
669 981
343 829
718 404
118 725
176 506
827 835
630 146
330 646
216 668
744 439
305 987
474 892
501 668
965 303
653 843
444 730
444 716
657 398
114 688
102 258
358 127
375 532
309 628
847 947
866 491
828 208
175 576
697 200
887 364
872 610
252 383
812 962
667 861
126 283
699 957
112 899
626 785
149 643
623 349
137 196
274 994
585 318
520 668
395 128
970 452
798 267
833 913
912 822
802 867
467 654
470 292
609 495
123 687
375 805
770 150
792 462
384 446
472 699
458 176
818 451
504 102
986 223
159 226
750 837
910 330
269 765
546 827
446 420
161 308
683 318
888 574
990 888
135 790
920 605
266 702
564 858
225 524
485 617
353 150
376 898
651 584
824 337
673 849
231 720
735 963
673 535
226 369
633 336
123 223
758 475
389 365
572 680
714 572
392 354
533 843
440 850
771 145
603 343
943 581
266 310
212 584
855 277
650 457
932 521
850 931
123 354
710 844
728 954
759 272
898 259
320 708
424 330
574 127
225 569
167 223
652 829
609 772
949 979
457 237
768 775
166 506
622 378
254 683
347 101
507 154
331 839
529 264
918 303
210 626
713 744
798 534
360 258
927 922
469 731
847 782
632 788
165 754
282 815
239 341
293 671
137 234
353 559
948 720
900 246
299 963
446 522
908 566
862 945
944 881
657 874
864 615
685 808
398 888
757 552
160 499
386 576
949 607
929 364
897 368
905 856
940 877
558 539
683 653
359 355
686 139
794 325
925 903
386 582
734 802
207 105
792 718
669 778
730 629
627 698
385 835
651 868
981 309
140 140
337 491
549 476
514 622
693 857
741 167
152 393
503 981
428 521
555 915
330 357
110 355
972 491
948 546
864 851
954 564
409 879
908 388
271 483
706 700
682 820
829 279
828 619
224 260
830 284
778 469
677 839
388 759
198 480
669 920
366 975
896 112
992 905
845 805
859 591
351 936
265 867
201 297
148 557
820 272
426 691
901 269
512 600
821 600
714 793
911 424
988 370
922 970
756 812
496 340
654 771
426 226
737 649
586 472
598 780
295 589
520 620
650 432
253 260
494 567
479 657
843 696
265 413
592 684
844 249
231 808
666 247
694 685
861 297
477 358
476 217
629 725
648 102
248 878
683 973
439 110
475 518
355 528
321 614
462 171
895 653
488 877
175 992
593 175
695 193
543 964
156 237
618 998
550 337
872 686
717 401
495 151
875 904
561 591
229 126
407 775
205 646
474 336
433 560
577 374
197 101
847 601
292 671
678 214
858 490
894 770
390 175
645 148
304 143
218 163
785 113
324 156
838 359
734 507
429 110
905 860
853 628
956 181
237 903
279 790
604 929
748 361
934 938
768 319
418 660
407 803
870 418
369 326
457 885
685 330
295 916
664 522
677 764
257 417
823 160
140 579
157 442
143 287
229 675
970 612
349 833
778 149
218 517
186 491
481 671
414 786
802 202
873 587
389 159
191 942
615 359
475 515
592 234
774 284
571 715
890 458
441 476
774 377
220 150
843 929
954 975
918 783
342 974
572 605
852 522
109 960
748 806
901 129
999 604
370 120
813 388
768 474
176 836
894 775
114 316
211 914
838 999
610 685
142 369
423 648
474 392
244 717
768 917
826 269
785 317
473 965
646 234
969 552
178 777
353 368
394 702
953 520
394 582
660 450
631 870
305 851
554 159
132 940
632 969
369 550
208 581
916 129
207 193
839 933
266 676
983 337
472 990
921 431
577 652
738 814
477 141
914 901
212 712
154 903
735 375
729 923
301 942
701 224
424 315
852 526
234 712
107 354
469 250
938 603
830 469
207 637
641 225
654 257
546 825
852 334
861 479
977 101
905 691
936 396
240 577
275 397
382 874
768 291
709 667
489 239
577 185
822 779
945 813
165 242
252 464
225 192
883 320
968 545
202 957
882 426
448 639
891 435
522 726
848 497
489 644
207 377
883 483
838 786
269 554
559 646
895 782
111 564
810 810
218 614
555 479
875 316
953 328
813 504
902 208
581 149
847 743
315 424
572 999
164 975
707 369
309 536
811 555
901 827
862 464
961 697
728 590
389 865
680 455
449 596
564 598
402 918
161 574
171 709
286 348
561 570
222 385
588 126
313 100
406 745
563 528
655 843
820 789
467 644
765 514
459 979
847 330
680 583
222 797
658 430
438 853
199 999
830 241
613 425
260 326
589 836
565 723
576 472
834 891
332 194
166 266
849 969
519 718
636 472
658 562
977 637
560 857
635 719
547 683
975 515
951 511
184 138
417 772
207 468
655 291
761 740
847 603
501 184
304 454
618 208
320 417
179 790
228 296
433 387
382 127
678 126
960 320
352 651
378 970
568 417
305 657
133 784
797 954
720 576
849 817
683 612
574 932
850 843
738 173
100 925
436 269
125 310
298 750
793 381
526 752
754 815
219 741
839 825
871 444
765 726
414 271
226 958
754 952
286 493
723 456
341 879
559 191
875 469
668 432
877 902
627 985
620 354
514 427
626 647
479 371
450 200
319 588
339 954
795 163
312 316
624 710
961 257
608 912
546 725
119 799
539 674
282 273
469 114
432 572
232 962
736 571
693 108
811 217
734 363
573 468
181 770
576 130
969 733
143 654
361 282
354 274
325 785
591 208
197 142
589 215
754 507
193 707
139 577
769 273
884 636
573 803
481 849
130 373
479 665
864 283
892 571
228 457
183 401
112 373
491 330
234 260
203 460
762 1000
558 860
608 383
656 114
473 185
677 662
875 137
922 690
811 215
203 468
458 217
505 502
802 648
337 881
383 695
421 685
630 628
513 356
510 583
618 216
268 964
993 330
195 264
212 824
185 865
343 527
339 175
417 358
637 690
653 639
355 741
165 572
683 965
436 975
227 582
825 452
294 573
686 341
278 115
413 210
687 576
347 341
407 469
944 213
227 377
701 168
744 896
881 861
641 547
279 786
947 180
826 693
637 189
856 246
759 225
451 258
720 773
364 619
641 606
838 903
925 575
181 803
604 326
249 789
179 807
598 841
383 930
508 839
513 614
567 165
613 464
264 609
803 227
708 631
628 475
378 541
291 343
878 911
695 656
985 224
654 674
128 926
719 752
364 964
335 889
300 357
805 692
321 841
104 739
418 548
319 935
601 575
829 674
535 710
287 606
763 285
833 714
723 233
195 794
439 159
489 132
817 622
635 612
384 918
151 989
551 514
811 218
731 912
705 370
779 411
948 518
444 809
127 571
727 208
121 844
314 848
412 516
486 841
177 224
714 357
306 972
927 873
756 811
881 667
443 920
589 617
165 298
284 711
733 776
330 198
203 785
914 339
825 1000
497 845
332 525
156 278
584 231
493 199
159 267
346 108
421 767
765 125
387 539
921 791
844 251
483 468
188 537
764 472
800 213
110 516
267 951
402 385
714 245
899 600
274 899
516 915
934 627
294 410
652 986
277 776
889 890
251 614
162 616
449 369
200 430
354 351
624 230
916 891
715 826
132 732
329 900
609 724
657 563
985 617
878 167
531 868
498 505
224 676
596 391
510 225
174 122
744 580
335 837
916 898
209 504
380 472
502 858
439 889
190 741
1000 621
963 996
469 898
925 643
714 136
520 399
891 840
896 683
894 102
527 161
234 384
155 876
780 695
842 381
398 369
643 878
138 820
940 119
943 829
270 745
904 128
213 649
712 499
530 910
785 551
235 149
895 445
213 717
820 353
102 376
506 886
660 246
393 544
312 149
668 519
192 147
221 441
886 950
177 948
464 478
622 661
608 822
986 619
230 372
160 488
462 970
867 441
513 809
150 169
626 627
221 178
342 723
811 828
775 334
465 760
215 506
627 168
603 416
399 100
468 476
714 750
901 108
301 931
183 595
282 725
352 821
162 221
726 238
816 291
281 393
289 930
393 414
241 577
753 343
960 632
913 141
532 679
706 518
763 161
241 547
148 971
352 426
808 521
453 479
957 428
883 337
992 610
795 862
403 353
866 242
202 396
893 801
134 335
447 741
333 163
540 454
313 165
756 463
706 944
731 405
418 529
538 885
456 438
239 320
245 568
630 468
997 283
297 969
375 677
985 259
188 397
123 708
447 154
971 933
948 916
132 927
596 350
555 644
942 120
197 666
432 372
199 889
149 263
932 710
951 442
347 765
979 451
599 578
151 823
963 462
702 966
899 493
122 133
781 382
442 928
625 121
819 665
795 791
621 518
717 185
287 370
400 585
683 580
369 219
371 654
964 108
484 104
383 114
132 688
583 216
346 693
540 731
486 956
439 583
671 955
279 153
234 530
611 336
783 214
472 226
669 473
415 228
977 839
953 773
265 387
432 473
883 461
527 216
148 107
992 448
663 966
738 914
889 213
298 755
506 418
471 283
957 640
459 699
189 387
315 946
968 604
931 719
871 486
575 858
629 224
543 974
922 822
421 779
127 238
134 659
297 737
563 953
572 333
835 535
169 216
700 321
619 459
715 692
200 487
282 337
698 896
834 133
717 359
966 142
420 104
710 113
115 111
363 934
581 616
964 850
627 560
440 239
264 578
932 293
897 400
358 612
179 216
773 500
851 452
272 543
583 959
809 439
610 811
270 982
441 588
464 464
621 629
759 107
731 545
436 669
527 196
358 453
461 758
538 387
257 217
992 570
102 222
508 879
562 597
278 957
554 949
826 516
757 349
455 251
564 713
648 896
682 822
262 115
867 115
657 214
503 968
153 391
883 122
940 480
257 809
942 746
135 608
119 757
636 292
312 831
683 403
143 436
926 940
434 952
585 350
978 230
785 913
637 794
897 406
574 692
223 636
826 439
457 702
570 667
370 867
807 669
763 648
283 814
542 199
938 777
756 445
263 388
750 470
610 948
497 356
735 330
585 209
695 145
772 381
579 801
483 574
107 473
813 705
499 941
896 341
917 958
671 449
938 321
882 575
929 803
407 662
707 788
501 524
272 865
492 300
394 536
293 725
631 866
803 416
517 827
801 191
738 816
489 620
628 999
579 302
636 293
872 934
514 832
112 180
154 106
125 894
815 666
339 950
337 690
979 113
674 900
217 766
962 964
920 144
176 418
802 342
343 899
886 749
739 599
900 300
836 237
760 555
953 893
693 981
840 651
231 126
682 283
291 673
726 485
589 443
334 504
250 748
864 769
368 723
159 259
163 267
563 128
603 588
283 295
255 246
192 732
846 411
415 220
300 421
942 379
442 411
270 713
987 137
758 159
220 470
857 693
879 500
360 932
737 868
680 807
250 103
333 626
853 569
397 523
842 315
954 820
222 752
869 505
483 411
823 306
417 518
318 180
1000 552
316 905
391 495
118 612
402 312
860 701
351 962
535 103
813 745
728 715
589 989
746 162
536 552
719 142
673 506
540 266
725 185
400 817
984 236
106 215
388 203
477 891
140 831
191 408
200 237
963 328
411 799
916 920
548 239
939 353
460 682
789 487
837 750
679 243
162 392
314 582
641 604
554 977
565 898
929 915
515 626
983 966
737 271
929 568
576 205
874 409
599 561
243 862
484 396
232 898
305 178
204 833
951 551
730 327
711 120
127 203
737 253
210 376
915 464
568 195
449 505
597 405
562 765
426 254
198 247
644 614
663 299
678 694
391 300
191 708
503 805
387 190
890 515
363 776
696 793
844 355
845 304
826 295
763 771
446 424
575 748
567 486
346 203
214 496
210 164
769 239
182 214
917 251
211 882
714 637
160 324
880 402
485 944
919 429
146 353
392 795
104 212
650 594
346 541
877 441
390 771
561 797
715 675
563 947
237 892
778 694
366 542
882 430
721 921
803 584
251 518
133 174
616 783
892 433
102 651
429 904
267 712
950 428
790 637
388 854
393 451
989 965
873 919
317 560
516 699
144 715
829 109
463 547
981 211
401 890
253 358
239 663
715 188
611 245
314 772
124 696
261 145
954 427
148 259
105 143
642 474
738 438
931 642
701 418
920 259
921 592
232 149
639 813
546 188
640 156
582 302
539 345
751 848
516 781
404 779
389 111
580 955
598 299
895 894
550 311
986 397
533 747
663 980
462 377
437 819
873 329
715 186
773 587
687 847
179 917
869 703
366 221
264 344
475 817
519 357
453 987
559 275
731 173
227 765
988 213
192 875
149 366
541 234
419 704
504 597
644 625
868 994
736 745
277 224
113 332
842 769
296 377
176 568
741 151
777 950
409 467
526 708
258 349
200 945
389 614
581 744
105 546
370 566
219 559
286 349
214 690
932 461
673 237
605 592
149 260
140 426
976 860
566 824
936 311
264 518
125 168
674 356
825 936
311 582
744 575
556 284
457 627
567 982
373 601
969 525
488 842
123 778
661 795
108 436
711 293
438 886
887 813
171 633
683 433
467 756
241 464
653 193
311 766
669 299
654 459
647 158
747 507
749 139
470 926
271 578
894 523
728 528
389 631
448 729
820 859
946 486
819 487
728 448
251 584
797 832
831 955
229 872
332 995
858 673
520 601
877 536
308 115
280 742
826 679
200 352
519 894
299 475
301 502
660 989
384 988
306 781
400 1000
950 188
436 807
540 602
938 699
129 957
745 421
266 867
346 590
863 128
216 444
404 117
838 391
324 543
254 877
269 680
152 171
562 805
224 595
421 918
838 160
432 955
288 608
828 495
748 624
898 126
378 255
817 456
806 484
268 721
857 729
306 237
585 641
538 158
907 447
401 948
376 220
116 351
982 116
440 560
845 305
129 720
311 665
718 1000
983 802
500 694
983 840
829 205
335 246
696 464
169 576
110 412
215 894
133 891
146 302
981 593
996 600
282 667
750 472
909 208
244 718
876 845
566 591
204 787
385 813
927 438
229 656
927 506
575 927
165 878
161 692
490 240
635 186
317 914
756 943
695 522
354 797
953 125
145 811
719 820
500 319
550 338
924 827
898 802
174 360
251 726
458 117
394 700
620 203
283 539
925 845
491 660
116 754
990 652
723 274
303 160
454 524
498 619
947 657
752 461
419 857
215 512
103 859
732 102
370 711
515 544
106 952
938 670
247 374
132 537
483 636
746 963
915 771
743 354
986 622
233 863
191 288
855 357
504 359
855 666
497 912
193 708
756 143
478 287
777 821
683 158
961 510
532 843
527 696
105 475
578 954
458 920
280 584
548 618
635 934
587 435
772 584
636 246
668 302
505 982
430 581
890 557
574 578
276 408
393 388
395 879
947 366
137 969
151 372
452 628
416 165
288 636
446 972
285 828
783 581
776 881
255 985
151 418
866 504
794 239
284 184
845 722
341 853
292 982
367 476
943 423
123 446
520 921
446 605
205 480
759 765
300 199
926 720
313 593
190 352
147 962
383 938
840 316
657 564
862 473
682 522
572 569
506 770
594 176
703 509
599 848
373 521
813 454
608 318
848 519
114 727
292 670
755 867
162 185
645 251
890 750
345 652
369 348
491 894
340 715
185 910
751 436
328 408
864 376
333 140
976 401
120 313
631 146
254 289
133 810
876 817
845 254
343 287
908 234
679 439
904 622
835 381
800 517
106 469
173 175
408 144
695 663
323 170
336 143
373 296
432 172
188 231
763 963
929 372
831 786
157 418
323 101
320 368
839 509
435 535
591 775
936 831
177 132
992 355
447 243
262 389
734 595
184 829
817 518
905 534
336 513
177 316
935 838
477 920
388 640
464 388
583 862
583 353
787 480
161 132
554 148
992 150
755 923
407 271
482 609
265 571
384 578
984 551
809 754
568 941
786 606
292 611
440 278
619 383
413 279
240 964
429 564
867 342
786 356
388 125
513 902
845 762
830 719
443 793
671 702
253 540
640 695
858 203
431 878
167 278
213 685
862 567
713 401
766 629
866 166
740 808
423 276
832 454
913 408
750 154
441 105
960 701
963 303
238 582
779 933
167 995
698 737
521 804
462 265
148 724
459 961
254 522
951 948
373 808
683 597
833 412
669 358
715 142
526 424
380 971
484 750
452 806
393 153
514 563
404 322
390 900
368 324
205 903
137 460
591 952
300 240
470 105
935 123
173 503
699 252
653 682
801 384
127 657
111 175
877 698
816 617
603 911
826 867
748 234
815 646
174 964
287 973
673 107
477 995
722 608
292 992
857 813
247 730
175 689
658 651
757 662
477 922
440 603
696 933
550 465
384 970
391 147
400 329
265 117
502 921
513 444
256 192
344 581
193 752
944 735
290 759
610 178
845 258
616 387
440 598
241 435
962 822
697 481
911 558
347 850
982 235
465 232
596 736
915 214
985 434
643 109
691 348
691 495
898 174
209 877
448 637
889 868
515 764
424 433
332 669
531 147
336 579
839 103
144 918
876 766
442 382
405 205
436 203
635 177
225 112
798 310
245 405
505 735
712 745
568 597
962 486
328 166
778 414
851 791
999 250
698 216
746 944
455 571
567 584
857 789
786 682
872 964
