9110 9000
837 107
295 144
645 918
225 808
131 494
608 538
695 267
448 302
784 288
103 107
452 674
262 196
912 640
651 316
703 259
325 936
789 986
272 891
769 777
537 588
114 784
758 928
545 637
675 663
386 223
935 570
673 829
772 447
436 920
767 824
439 715
834 374
588 601
263 955
176 116
699 687
705 414
236 701
137 511
259 298
911 313
259 660
606 593
502 493
382 313
370 171
484 648
375 238
978 249
252 600
373 102
223 740
672 256
454 307
467 474
366 196
342 489
698 830
533 951
293 846
615 762
414 101
371 362
569 451
280 336
906 589
487 736
737 701
182 415
349 651
141 574
755 138
671 717
222 389
132 329
613 204
164 262
530 477
246 891
725 232
484 842
339 861
445 972
232 219
720 581
195 511
944 554
913 149
964 304
231 121
104 844
991 488
868 968
591 867
641 534
760 563
831 351
964 646
207 958
602 651
691 926
590 436
329 145
889 222
715 215
280 153
230 196
918 917
690 102
659 195
763 994
314 722
347 734
502 378
631 257
290 315
110 256
511 118
475 411
906 924
149 784
822 475
361 893
879 514
774 921
911 528
361 316
480 721
883 777
101 660
505 546
291 986
213 879
880 405
164 107
380 863
496 949
243 319
651 987
504 370
358 688
590 703
509 483
747 514
500 476
615 838
417 530
915 956
980 171
423 116
329 493
629 527
502 337
535 353
212 866
154 227
872 100
117 370
704 467
788 512
524 252
600 862
803 849
266 861
453 651
539 525
287 1000
594 430
997 203
770 271
283 733
318 631
933 760
152 674
127 874
646 469
601 242
310 955
998 264
335 937
374 730
247 935
465 690
445 218
880 631
311 211
150 934
537 636
627 511
644 911
649 838
163 191
635 624
347 413
716 957
863 303
298 412
690 536
161 508
393 486
200 304
770 565
695 716
594 914
672 719
108 883
595 202
632 967
944 996
721 896
319 427
623 223
569 414
423 933
659 569
435 197
753 294
366 178
858 841
336 579
794 537
686 949
977 338
760 831
142 518
754 318
394 317
910 948
488 511
113 328
179 774
949 540
474 232
181 242
687 404
227 782
352 971
565 747
220 523
864 539
149 455
331 355
848 690
908 314
265 741
561 179
407 352
868 294
113 368
136 559
871 487
820 982
530 237
859 346
104 313
716 809
575 549
519 928
110 503
451 129
346 492
251 887
818 962
428 774
427 978
252 808
686 705
716 871
875 301
295 355
478 117
662 525
116 826
449 550
672 594
541 171
198 511
282 250
618 271
723 456
850 724
990 152
977 684
755 937
261 518
192 688
976 339
689 327
272 843
497 495
755 367
879 921
577 879
344 752
387 547
245 663
601 825
861 937
181 812
786 266
197 667
997 613
577 864
840 623
966 619
775 563
451 261
995 872
242 588
364 814
802 690
157 879
100 466
411 699
745 248
807 547
448 849
116 754
287 912
626 557
759 985
257 747
440 583
575 547
103 346
415 484
802 600
410 293
879 847
285 930
488 392
712 197
952 178
461 509
494 555
723 440
218 136
922 709
435 270
570 528
452 226
555 832
531 462
185 257
224 919
924 768
574 283
838 370
211 889
571 246
480 834
685 432
186 933
583 166
735 543
527 323
124 430
463 718
281 962
144 335
292 718
350 678
410 668
271 461
954 312
546 215
375 202
259 784
160 269
587 127
654 119
465 535
780 965
280 989
786 806
154 101
270 370
127 383
995 172
385 832
406 603
276 472
351 852
918 657
649 200
803 273
543 777
490 501
625 669
439 303
530 312
746 467
314 138
367 752
471 477
496 269
215 891
402 390
900 647
362 199
719 733
937 467
638 528
775 277
592 115
827 769
825 719
583 483
680 417
496 295
778 741
953 126
471 534
695 339
876 937
191 860
936 720
874 347
184 368
543 844
488 960
502 550
258 288
293 547
662 524
971 243
521 176
250 174
443 535
401 835
584 484
197 463
205 228
514 392
478 986
521 473
530 975
738 812
958 493
537 786
411 131
726 608
661 691
619 863
415 317
572 451
143 510
396 100
102 112
120 777
735 730
290 454
352 203
801 233
340 937
120 327
404 987
498 313
864 207
708 141
900 358
830 839
418 572
694 679
488 818
781 976
653 389
366 113
480 318
526 994
335 308
476 876
906 386
814 561
726 437
423 930
643 545
760 723
933 206
108 705
174 327
537 339
887 533
428 933
802 331
803 439
721 307
543 150
695 697
382 122
941 799
103 113
780 477
872 609
240 807
112 676
368 342
167 660
365 538
511 547
483 369
431 172
927 755
851 1000
400 523
305 386
125 781
574 589
321 770
536 756
298 347
643 529
256 733
333 740
357 104
439 687
568 172
612 410
634 590
305 276
914 381
694 919
428 775
320 960
270 606
672 543
100 982
360 451
359 346
141 655
191 804
649 323
646 775
335 959
242 482
309 834
659 845
896 811
312 491
567 329
538 379
380 643
165 954
726 382
506 115
305 952
120 890
632 463
755 640
164 156
211 556
709 905
914 473
198 802
698 295
187 732
728 285
120 713
765 357
263 903
879 149
310 992
773 109
462 306
737 442
309 429
220 914
309 825
347 543
764 109
216 650
338 650
913 981
781 859
971 318
320 137
396 436
789 790
995 461
248 149
780 163
506 170
935 398
331 116
293 787
528 424
786 131
635 923
153 126
737 330
438 800
833 414
415 229
344 129
955 958
477 635
661 625
172 438
552 977
202 452
410 308
660 383
616 241
961 167
219 693
867 670
362 625
149 130
634 874
335 216
583 371
434 898
292 105
495 613
131 990
252 661
344 447
853 662
794 646
219 939
528 932
589 369
730 796
815 749
661 913
984 967
239 604
485 671
374 159
110 682
924 983
955 205
866 607
379 201
686 546
114 470
360 132
966 293
456 728
992 482
121 758
623 940
423 142
607 700
293 649
488 375
151 533
330 118
410 547
935 936
965 899
965 519
639 256
107 431
274 564
235 619
847 590
686 733
828 329
558 284
357 233
567 800
261 701
393 175
576 276
605 529
868 784
702 377
380 588
506 480
919 192
583 453
202 990
815 238
273 325
777 703
105 495
546 293
228 141
850 511
572 808
242 317
944 249
185 224
986 662
930 478
572 984
553 371
774 231
231 891
445 379
675 876
227 981
242 261
102 409
872 450
660 403
458 787
501 970
615 730
196 527
672 416
755 979
921 355
598 435
266 341
129 459
931 523
811 381
328 722
536 546
432 704
906 969
733 594
350 394
914 241
237 307
683 714
134 586
319 280
700 824
180 146
702 162
167 536
593 545
539 337
482 192
780 230
697 174
955 390
678 180
999 127
956 852
361 274
597 283
612 543
972 277
865 546
876 113
145 657
482 220
425 717
387 171
319 424
495 202
612 427
965 585
388 982
160 307
684 271
592 862
442 877
967 634
240 263
548 946
947 923
605 126
400 549
306 192
341 405
102 421
572 280
336 925
767 730
124 708
753 396
809 679
734 951
594 167
833 594
392 624
365 385
455 593
410 823
961 473
521 993
348 503
999 298
958 524
119 414
785 526
909 790
597 334
823 631
317 602
594 691
974 223
667 144
661 995
885 761
627 552
810 424
701 824
266 196
803 972
750 972
168 142
613 421
732 442
294 931
576 751
154 323
526 137
607 876
931 995
309 592
647 394
447 940
361 652
467 350
654 181
299 375
187 295
166 775
138 314
333 847
859 879
446 675
929 675
648 722
872 329
155 507
916 766
376 887
500 712
144 152
265 874
103 456
441 484
489 782
834 411
120 972
904 251
401 494
884 504
923 321
699 869
799 123
566 111
405 467
174 564
967 408
101 937
189 306
705 135
869 808
267 738
974 868
496 587
373 960
918 620
183 504
907 297
781 904
545 273
286 593
799 412
376 330
472 440
904 229
732 386
251 977
940 412
632 244
953 677
245 397
305 779
263 314
343 922
419 760
1000 181
892 386
103 186
319 415
240 732
342 789
221 979
931 561
450 646
444 388
895 781
209 538
879 195
853 827
779 958
414 201
839 844
849 703
929 815
847 669
499 917
780 433
280 178
394 456
873 934
681 636
826 671
138 247
205 173
956 384
273 860
172 378
570 207
380 222
384 423
621 727
741 735
322 182
582 759
162 545
824 765
363 309
646 754
391 639
636 187
261 703
703 886
200 491
970 403
463 379
150 849
161 408
770 791
682 806
513 248
657 312
680 317
378 533
170 430
872 584
939 989
495 800
617 690
135 186
199 263
382 105
485 305
247 555
122 381
436 217
960 147
250 368
575 324
902 542
501 479
658 411
316 129
856 119
438 983
746 625
738 685
286 963
143 165
230 734
256 850
442 755
992 597
835 482
420 113
207 172
455 179
847 566
663 573
210 135
441 200
815 590
295 285
157 106
452 410
175 993
637 458
447 399
567 575
876 215
733 398
888 404
601 779
833 442
610 175
321 136
353 978
406 864
238 312
930 320
357 274
684 309
738 391
134 129
899 176
652 478
545 220
467 609
790 378
771 477
440 554
954 702
111 722
272 182
172 620
803 353
427 658
569 115
622 986
883 742
875 241
371 624
182 302
436 495
714 123
424 675
956 922
526 538
986 983
968 734
623 398
290 583
503 490
445 237
287 267
180 343
315 671
835 711
189 850
842 311
145 352
937 302
135 456
379 422
283 411
123 414
211 660
395 605
720 728
574 937
117 811
729 811
499 167
422 913
124 544
292 809
146 941
162 971
581 966
848 967
597 443
720 849
611 756
880 197
993 928
266 807
947 153
965 693
783 328
918 502
881 667
268 331
956 507
386 105
466 382
444 375
862 781
285 733
638 799
983 215
897 225
885 554
309 700
724 871
803 444
889 138
482 491
499 781
649 120
489 238
445 586
829 375
399 175
169 751
955 453
130 820
979 758
792 259
490 813
913 808
939 666
777 302
601 641
332 864
672 977
835 178
132 280
213 986
925 260
405 144
140 565
791 686
915 471
459 619
315 586
887 380
156 371
906 919
380 939
981 577
465 804
255 613
915 182
436 140
551 763
601 826
896 125
792 272
757 183
733 402
439 812
174 200
925 744
626 472
418 773
473 511
130 643
243 776
249 621
482 842
889 110
396 346
830 433
350 433
623 666
779 167
474 706
973 210
757 778
227 622
280 437
196 641
525 594
384 368
415 705
415 173
562 308
216 434
162 401
898 512
480 107
195 626
430 262
293 449
824 702
776 146
826 650
865 393
812 930
883 530
857 788
538 974
918 168
166 181
186 409
614 767
266 457
565 819
290 625
384 676
409 929
548 604
248 657
271 412
915 979
589 872
943 238
165 503
255 989
106 938
203 510
561 914
579 113
977 392
647 516
345 131
332 887
295 690
844 845
285 836
824 630
623 705
175 865
673 195
766 466
428 150
674 549
633 846
795 149
601 224
242 414
648 595
501 355
599 447
947 904
921 961
479 916
709 816
608 725
108 588
655 401
962 575
713 590
714 626
527 434
777 860
943 343
235 271
803 848
826 662
896 905
668 953
523 252
430 568
519 683
392 802
794 475
668 290
536 623
231 309
423 431
165 397
957 377
478 973
364 567
259 300
368 682
121 475
795 176
217 732
452 827
606 759
551 235
258 661
294 114
801 701
236 400
178 442
313 268
447 304
993 784
107 106
467 604
304 378
671 864
500 221
900 169
787 247
870 367
827 959
392 766
136 706
974 629
665 737
856 861
194 471
276 208
497 692
168 137
834 427
768 343
694 496
571 897
696 983
586 258
976 977
914 444
978 618
684 835
793 612
650 405
816 228
310 105
107 742
787 220
578 674
839 363
609 170
393 546
373 232
739 350
465 519
786 921
346 731
718 813
639 530
995 438
357 788
859 125
357 628
141 493
570 545
259 861
444 202
160 217
613 357
301 597
849 814
439 261
923 897
485 681
948 436
137 771
809 849
379 783
298 810
203 179
419 133
667 316
773 673
760 810
113 207
705 185
336 857
602 842
354 199
753 448
444 118
402 292
672 795
662 132
424 500
727 733
712 782
872 519
871 595
217 232
719 361
513 419
257 809
508 394
973 950
520 676
669 456
154 537
796 350
690 847
510 668
437 245
642 484
753 462
845 568
451 728
278 380
575 270
908 522
454 199
715 810
816 430
144 340
568 522
242 272
262 186
346 415
956 293
393 420
672 647
363 543
782 848
158 376
558 231
745 771
889 502
982 238
489 153
120 521
752 593
478 712
862 562
335 361
677 545
227 407
984 110
377 928
980 453
890 645
724 138
168 298
607 432
296 528
241 890
237 459
455 674
630 274
287 782
853 145
801 520
912 975
779 173
507 450
516 773
920 394
174 154
708 627
483 907
407 587
477 524
119 415
322 930
699 630
348 925
673 279
451 906
712 715
475 511
357 946
523 758
128 694
581 163
767 744
634 260
756 281
483 555
120 547
999 736
869 976
478 568
866 193
322 157
719 477
956 501
465 866
762 112
357 232
429 975
566 956
444 604
758 191
123 649
818 423
594 592
874 597
842 840
835 906
760 462
549 462
534 328
989 620
476 439
342 984
887 800
188 301
549 211
510 472
863 906
873 348
434 870
350 168
605 627
741 779
556 505
523 459
193 824
417 974
125 225
188 145
334 426
613 378
390 494
697 840
212 490
519 391
395 902
783 836
625 623
303 761
806 940
709 116
477 308
433 945
142 755
888 718
912 303
648 658
600 674
411 972
953 697
220 877
179 381
235 935
473 799
562 544
778 702
704 767
364 577
822 869
310 741
989 280
148 973
985 652
209 306
295 137
545 888
898 512
394 562
230 276
758 613
908 663
675 251
710 859
378 894
367 745
602 123
482 701
996 197
978 904
613 379
927 490
751 294
484 927
327 549
855 119
416 653
703 316
151 154
268 798
911 905
756 442
660 982
536 102
747 173
783 546
127 337
375 409
701 634
596 493
259 208
780 626
506 382
151 923
632 187
770 407
612 270
285 458
835 393
835 398
972 518
399 643
677 364
117 904
346 832
454 748
297 766
305 878
701 914
261 275
568 626
533 785
970 608
678 740
844 219
575 430
189 489
654 799
492 675
685 838
947 938
703 481
389 397
922 142
490 997
413 140
255 294
376 303
758 577
452 255
302 771
654 521
854 385
173 368
653 200
304 434
802 546
925 921
870 766
113 571
702 745
608 589
462 827
770 889
988 470
143 909
820 401
248 299
911 435
874 437
777 363
724 585
833 630
298 738
680 709
652 983
824 314
126 145
700 299
743 298
519 489
320 115
269 260
198 165
547 802
183 356
157 422
597 638
367 881
120 499
839 983
809 842
353 836
184 194
319 804
789 559
575 753
197 137
171 867
219 310
181 268
756 1000
331 895
680 757
637 189
651 837
248 809
937 617
657 328
296 251
943 516
258 902
777 112
543 381
294 892
193 830
841 180
395 711
837 993
744 383
624 729
482 330
481 320
142 128
638 537
433 877
651 838
958 950
457 591
784 855
671 292
291 441
939 421
828 337
601 877
971 384
425 166
843 265
751 179
764 192
294 803
641 291
121 375
708 324
365 944
767 623
686 973
111 797
590 675
482 866
404 489
956 785
947 810
973 400
743 139
235 169
565 439
823 852
648 577
363 142
444 583
987 841
558 279
582 417
791 912
206 157
605 190
508 370
514 718
513 126
607 807
656 239
489 904
818 393
936 844
145 251
366 704
135 454
171 369
407 770
837 895
616 983
866 343
145 417
418 882
885 771
741 740
116 352
667 901
633 153
465 647
603 181
683 708
829 851
190 325
357 338
815 897
395 630
854 470
782 282
790 674
854 131
102 870
472 238
159 169
915 783
601 291
218 460
194 264
236 844
436 752
985 387
546 1000
544 977
510 362
718 952
824 130
822 542
341 849
567 524
238 154
285 399
995 193
546 198
842 358
523 748
610 901
384 279
386 851
267 352
880 758
235 828
609 742
441 481
298 547
251 789
137 669
161 983
704 858
266 545
785 996
509 142
257 441
696 614
458 971
350 697
956 862
794 210
551 226
414 117
842 546
431 1000
184 185
669 417
921 749
991 751
810 799
191 563
695 561
692 306
103 973
506 822
721 223
768 592
151 251
863 169
269 879
427 921
501 983
415 593
830 728
186 882
117 733
258 804
982 511
656 536
929 883
710 964
595 572
593 516
305 908
907 180
140 669
764 883
949 153
680 865
565 795
181 476
540 206
110 497
724 427
766 682
309 345
563 824
484 318
542 209
730 374
519 767
762 896
579 804
896 908
733 379
294 451
485 452
733 483
412 552
158 648
412 973
715 243
262 911
437 437
889 601
251 653
801 721
140 362
997 258
521 171
225 827
155 606
948 403
570 145
323 256
922 378
500 926
935 347
986 270
164 587
764 711
181 513
214 132
587 513
958 789
925 683
429 190
752 931
588 353
563 531
315 840
899 811
152 912
571 632
466 271
908 376
873 214
184 441
317 970
511 817
892 214
355 985
135 823
343 658
229 603
591 827
331 292
368 584
482 520
573 211
869 325
341 389
863 302
572 164
217 102
709 643
627 877
524 812
421 605
813 823
917 964
787 222
886 756
879 939
360 219
550 879
870 514
647 739
468 600
513 578
910 920
172 264
110 450
162 645
101 778
515 113
186 182
728 406
610 707
313 504
205 850
757 132
958 109
367 301
628 363
457 472
546 441
549 263
728 104
696 601
971 555
148 895
151 993
348 325
416 650
630 114
185 457
949 479
828 333
926 199
786 533
722 639
787 624
321 581
426 180
294 960
847 195
572 111
476 546
866 144
976 553
807 829
264 567
139 889
272 692
139 227
535 451
349 636
550 766
907 599
968 228
330 148
148 438
959 806
213 770
174 971
944 676
180 828
750 697
593 497
415 728
270 840
263 682
856 821
874 302
250 807
385 824
347 225
693 721
381 468
503 408
628 910
380 713
525 333
951 903
527 297
535 896
539 734
715 267
967 619
329 820
695 787
328 124
569 114
208 117
496 175
881 424
530 498
265 897
327 976
937 892
994 821
838 886
255 575
307 506
397 533
261 631
919 951
743 618
305 871
604 522
302 898
634 140
995 161
584 440
252 746
560 214
805 359
976 430
899 550
501 571
695 471
984 429
817 113
865 414
726 786
950 106
920 671
542 446
518 163
857 902
497 873
378 911
955 554
752 301
193 684
989 244
262 570
546 973
195 711
367 948
694 599
146 595
116 852
309 760
778 449
461 923
537 533
976 520
526 944
803 836
686 950
576 725
953 224
285 561
104 104
390 449
463 201
342 144
842 778
545 110
337 596
802 697
913 624
357 401
325 444
760 235
401 283
417 158
406 290
188 255
599 810
311 385
412 655
616 484
774 677
217 213
943 799
857 522
935 615
306 973
453 101
834 125
764 470
356 885
303 787
923 659
275 218
490 558
317 435
516 748
617 473
952 387
492 600
146 768
527 796
649 650
507 657
179 470
959 615
358 107
321 969
352 939
251 827
359 875
961 548
609 949
631 984
244 646
253 765
722 794
775 749
814 459
432 583
509 606
329 798
192 806
897 881
873 534
334 369
348 812
641 708
247 763
106 166
906 947
417 820
528 627
933 764
984 747
731 253
749 140
150 521
685 954
504 890
481 819
594 580
186 152
764 128
315 162
915 971
922 178
798 649
466 624
230 630
896 740
463 561
761 619
512 267
728 747
507 783
460 285
939 197
659 427
679 176
623 802
825 294
538 778
840 630
253 226
838 744
307 146
897 113
802 744
102 359
333 645
538 644
690 928
271 516
599 701
325 784
100 410
529 935
246 807
388 196
288 260
216 826
489 615
610 285
671 947
456 921
291 645
713 298
542 165
907 284
227 202
864 119
577 385
483 147
761 727
212 636
372 749
276 271
464 548
738 363
457 684
469 642
809 282
515 822
738 836
850 861
407 283
245 101
607 765
361 508
718 441
604 982
170 520
946 742
601 322
885 591
899 558
859 631
925 428
446 632
600 564
459 571
133 916
118 813
961 396
212 584
315 439
954 254
352 145
188 738
595 255
455 136
969 958
322 613
468 749
242 144
325 344
545 360
183 236
226 176
600 762
590 797
715 729
493 236
584 983
448 165
324 796
615 472
894 543
199 521
777 328
915 287
305 112
482 367
651 368
371 234
278 743
886 440
823 749
652 881
514 486
682 335
976 597
122 890
414 404
346 915
466 592
790 298
368 274
891 759
366 759
725 263
116 379
507 785
698 815
140 893
417 106
245 429
147 628
311 484
682 736
545 970
915 239
728 281
887 234
223 779
873 654
101 763
361 811
389 315
254 486
609 574
621 964
656 556
728 325
460 373
811 408
773 166
571 533
140 934
770 628
380 251
136 441
757 334
457 595
773 216
471 528
431 257
412 115
222 272
305 779
313 230
202 861
341 292
563 108
721 466
397 413
428 149
896 684
551 571
122 638
694 239
152 923
316 189
469 441
670 878
872 156
728 311
327 203
312 579
281 588
411 157
773 498
244 250
855 418
652 848
942 705
520 243
488 410
915 184
759 959
986 849
783 523
288 962
953 132
693 802
196 444
276 877
258 255
429 124
505 859
861 640
851 924
974 920
564 784
436 753
247 277
223 650
539 457
644 575
134 304
853 929
598 128
115 870
777 531
786 590
987 278
914 583
156 477
860 298
107 372
331 417
426 689
828 806
278 527
769 524
600 480
549 576
218 253
710 864
872 935
733 639
132 870
877 695
374 719
327 351
282 372
330 760
747 894
496 463
941 873
227 707
624 502
554 575
464 571
705 903
717 659
882 891
115 473
163 719
325 631
217 895
670 150
643 340
188 851
137 768
405 242
574 218
224 459
158 827
774 760
423 415
574 810
791 690
223 572
235 109
410 587
544 351
255 188
746 829
826 115
762 573
700 736
921 827
410 242
609 330
508 727
356 374
780 955
964 563
541 113
173 930
594 495
767 515
668 277
307 398
933 977
196 989
447 293
335 437
641 475
727 726
433 512
258 968
549 803
260 991
304 204
368 569
369 795
523 728
784 530
401 233
925 704
964 963
791 768
419 703
117 114
481 903
659 467
910 381
497 388
949 510
854 207
605 459
142 528
788 921
193 476
393 423
999 881
453 281
333 649
558 461
182 120
724 552
320 718
395 667
459 118
867 523
695 143
489 747
270 293
330 516
608 798
228 832
764 602
107 918
301 285
567 926
227 162
353 535
832 559
420 916
312 461
256 161
497 378
881 288
577 166
678 340
942 218
980 815
908 227
349 154
341 626
678 141
237 349
609 703
660 949
612 316
406 452
426 511
158 651
589 377
818 319
460 509
285 797
309 587
434 724
519 463
814 149
200 726
736 838
464 584
708 884
492 224
275 408
831 107
960 416
935 217
834 702
660 227
714 444
696 101
240 561
961 139
903 110
818 320
360 502
801 426
980 652
611 543
193 721
562 752
241 395
204 913
250 221
889 115
299 306
252 660
181 777
408 168
345 148
725 873
1000 455
455 197
812 502
699 734
353 872
897 408
699 747
514 299
492 586
759 454
163 113
531 106
215 493
381 256
416 443
520 206
566 287
303 741
614 211
176 748
550 962
833 780
772 146
196 217
754 372
675 603
588 978
339 886
189 981
498 449
668 912
230 576
956 812
449 831
662 460
352 214
137 406
225 593
760 731
155 559
315 435
576 941
786 357
844 607
874 765
237 396
228 771
406 823
529 854
481 694
773 838
388 361
848 391
805 563
463 997
356 241
853 983
387 325
406 872
662 435
847 594
688 762
592 565
927 410
611 331
777 794
953 920
374 677
924 513
599 900
136 225
655 430
219 492
112 451
811 309
384 681
973 435
621 567
882 324
632 158
105 854
926 950
543 296
768 941
857 568
545 756
526 292
247 631
972 659
603 996
294 883
197 165
319 995
987 641
621 547
341 615
580 110
375 652
624 690
147 872
220 913
968 943
989 753
747 350
468 375
592 167
795 545
401 831
718 412
263 282
510 715
357 643
539 769
366 129
456 233
880 525
676 124
345 156
782 325
212 585
748 962
971 449
555 1000
913 597
300 258
831 147
271 721
420 719
742 482
896 287
851 312
536 153
767 123
417 917
352 417
341 172
706 926
684 236
467 641
433 831
669 824
658 404
430 675
350 702
215 395
479 192
599 352
756 869
935 559
558 708
360 875
653 415
224 246
989 435
258 118
896 745
928 427
550 476
630 968
121 224
468 709
859 105
755 240
135 728
978 164
740 927
433 498
549 195
591 712
662 588
262 399
792 406
439 954
482 859
984 590
272 205
959 925
722 782
208 878
952 363
370 888
464 669
922 811
437 123
490 197
701 272
922 233
375 442
223 167
685 987
313 969
523 177
833 564
649 765
959 839
178 264
471 585
360 239
795 798
499 527
980 825
819 690
491 228
121 147
666 524
126 966
845 313
113 322
368 268
588 588
171 588
429 811
464 472
825 185
314 950
785 313
118 697
282 322
259 739
822 141
216 769
734 987
247 188
472 421
410 883
421 917
474 434
462 833
898 241
598 230
294 747
265 931
567 986
602 779
718 780
556 898
501 358
670 330
161 857
506 773
612 993
377 626
598 612
938 259
345 401
995 130
283 398
522 663
429 895
225 174
669 460
131 597
583 947
183 416
532 192
602 852
394 472
228 721
362 357
828 261
273 818
129 943
859 208
951 882
117 387
693 158
468 713
239 502
766 804
242 773
831 335
720 241
298 664
276 881
203 179
797 235
784 976
560 104
999 718
963 523
171 642
903 461
347 900
608 314
239 350
400 899
244 556
394 742
420 318
663 969
380 366
243 871
134 130
930 189
213 418
855 277
277 551
817 812
989 700
128 830
971 276
246 659
188 502
351 533
799 924
167 928
506 494
896 367
571 535
866 372
170 419
921 747
710 485
942 547
397 793
175 331
228 749
727 449
684 589
951 311
931 523
237 284
926 724
187 745
436 677
539 452
585 534
363 907
300 919
596 615
472 511
841 779
471 726
474 618
436 355
426 692
579 546
307 187
761 237
235 304
663 175
845 213
186 827
857 751
340 958
187 179
526 821
481 715
371 496
926 252
688 976
295 881
527 247
842 324
219 342
692 367
339 903
264 263
727 446
486 662
493 761
945 742
616 683
419 227
296 827
224 489
641 502
531 925
665 858
604 486
437 172
452 880
862 182
175 420
105 827
187 749
145 322
787 751
285 354
378 533
150 607
772 951
472 218
234 337
714 772
430 779
398 682
871 556
920 381
351 785
678 688
564 312
817 277
648 558
375 668
358 190
523 927
379 961
508 534
356 767
127 197
617 895
409 715
676 334
300 467
219 966
903 435
100 336
536 313
483 208
425 276
686 738
359 622
523 176
590 800
619 469
137 264
577 224
692 354
528 578
264 405
604 899
161 909
708 300
317 457
255 669
828 706
494 247
516 271
948 145
217 929
849 274
475 132
411 553
966 200
698 572
259 111
312 155
728 1000
254 197
243 730
450 426
790 474
825 973
702 161
259 985
785 848
711 811
538 136
416 224
322 160
879 855
452 377
593 665
370 235
149 220
296 471
284 400
984 242
461 648
758 426
475 402
693 709
689 454
166 166
896 519
800 756
340 763
790 954
651 734
226 427
565 229
486 460
923 963
529 570
804 824
489 315
587 377
609 603
873 261
170 391
281 232
702 873
414 953
944 292
974 863
657 390
340 505
195 668
190 714
828 909
689 596
218 229
660 859
749 878
142 903
879 877
767 600
472 808
287 857
929 315
858 546
123 204
374 375
924 686
200 524
189 404
105 398
351 340
224 780
914 298
338 101
164 686
382 221
290 189
737 557
381 534
128 970
243 957
780 816
282 206
929 738
156 211
558 830
274 637
679 222
671 595
707 638
689 264
214 742
270 367
313 990
575 798
845 898
636 589
207 905
743 993
744 516
232 282
339 891
391 657
533 719
367 868
771 721
262 751
113 763
349 487
633 121
138 234
839 569
519 961
733 805
595 757
825 964
775 618
993 748
448 519
220 325
688 995
926 326
594 995
964 392
110 251
156 583
400 526
389 546
674 631
857 899
662 823
365 998
446 749
742 509
229 831
149 769
155 431
236 239
935 575
544 449
494 812
179 785
115 811
876 474
193 200
647 229
195 295
908 717
512 619
239 265
470 540
961 443
986 990
128 485
604 494
478 345
564 769
222 778
464 239
708 721
839 278
655 253
176 109
530 296
676 573
770 536
376 244
408 966
193 899
428 967
106 151
501 170
354 709
872 900
473 858
496 879
776 121
668 395
609 263
888 830
293 884
348 679
880 483
936 774
506 374
166 357
280 683
312 970
569 147
679 209
304 582
628 160
301 228
361 530
146 908
924 606
373 597
215 550
936 405
578 112
517 172
492 646
313 435
452 655
820 352
562 911
146 494
688 490
421 560
830 203
843 948
759 859
567 248
192 519
635 214
517 328
966 866
918 629
847 403
293 486
332 525
197 430
999 472
825 537
508 561
643 597
764 457
826 622
905 260
978 396
705 146
868 412
650 328
984 443
821 287
927 370
637 956
847 681
235 425
600 403
546 647
831 751
193 450
247 118
903 982
484 431
242 324
405 926
796 315
301 573
293 521
938 991
708 572
875 374
722 371
502 695
881 148
481 445
867 364
831 521
650 441
195 666
886 348
135 533
747 146
949 445
892 605
367 173
397 884
856 468
826 125
828 489
280 749
337 648
526 346
117 199
865 748
136 720
383 409
825 692
783 517
624 797
822 350
349 477
192 904
695 332
742 460
238 685
862 749
220 598
645 962
376 793
487 188
195 793
196 609
744 697
701 983
735 805
636 756
856 226
259 709
967 341
429 298
319 938
304 283
759 961
946 973
472 527
108 138
655 470
978 761
828 928
864 658
182 562
126 612
490 156
107 314
347 347
740 157
915 331
265 418
735 143
313 417
467 105
613 785
722 217
397 389
880 333
274 995
598 592
497 798
668 665
501 682
740 789
327 398
783 918
742 145
881 105
892 142
115 103
551 110
496 214
798 203
936 270
557 238
324 419
992 144
453 247
821 525
887 381
728 797
318 469
436 940
857 662
906 438
404 921
760 997
198 725
633 822
523 748
556 799
836 360
811 399
533 700
478 465
291 704
545 958
571 168
816 617
943 514
415 118
588 111
131 675
795 793
475 623
915 578
196 297
955 449
474 613
578 903
474 763
593 307
591 335
698 131
516 706
779 681
491 661
170 857
360 335
431 302
466 762
937 777
483 398
739 319
452 223
882 854
326 456
865 748
353 144
633 629
487 420
495 203
748 732
970 387
852 674
437 614
980 712
312 706
762 226
184 751
593 183
850 215
452 559
932 158
840 992
249 272
901 397
517 674
596 695
203 832
777 834
322 301
552 228
342 515
479 684
966 775
789 368
881 510
335 252
901 900
969 151
485 169
413 449
132 433
141 659
156 346
803 766
717 737
313 558
978 501
827 191
967 421
998 532
425 248
858 798
993 125
616 650
388 524
899 412
654 279
963 546
837 994
175 857
430 282
142 573
151 215
201 578
932 673
440 411
691 476
882 198
685 214
136 603
506 219
603 783
231 240
747 114
798 654
554 322
925 658
449 991
602 783
268 205
727 845
134 715
126 219
859 261
463 400
872 483
826 204
819 721
448 515
239 850
176 614
693 372
732 391
986 917
277 258
134 754
964 906
470 582
619 128
137 417
142 846
160 716
600 781
984 455
186 551
200 408
773 259
221 565
358 347
951 867
885 757
237 668
653 952
395 111
419 149
436 389
342 713
928 832
827 489
855 804
950 830
304 579
575 261
933 910
706 517
206 879
165 215
479 130
659 494
470 206
331 716
219 268
495 775
649 660
989 285
667 201
357 787
960 186
384 672
663 820
787 913
988 808
970 666
507 479
497 581
158 358
856 737
400 845
638 373
741 679
393 104
928 266
426 611
889 976
425 519
740 380
924 662
296 899
148 137
443 121
471 828
721 400
385 330
819 888
326 209
946 662
201 836
113 963
256 936
414 686
671 464
483 480
825 249
484 822
730 634
503 1000
913 277
226 692
369 703
127 773
131 532
412 390
904 820
844 382
778 575
257 794
949 303
798 989
446 322
684 318
853 720
878 126
147 855
598 330
592 582
777 417
856 583
941 938
215 902
501 644
503 416
992 468
889 885
148 931
994 767
485 234
543 117
893 761
791 635
857 765
257 226
137 546
429 713
453 370
862 707
677 160
589 873
789 832
239 111
776 238
510 437
286 248
247 115
642 650
600 395
326 503
420 728
951 954
559 443
582 742
314 260
107 767
224 958
377 732
991 334
185 970
303 871
803 476
852 430
855 704
281 459
479 938
249 634
652 235
541 377
166 758
717 959
693 671
335 201
310 835
672 792
660 765
997 893
803 973
277 850
857 334
435 118
506 623
187 783
737 976
322 157
868 604
216 189
216 479
575 390
638 120
316 493
387 622
368 100
429 931
116 329
983 628
622 421
388 705
144 638
145 236
993 269
730 600
354 651
255 512
325 513
535 467
672 289
990 495
614 344
647 888
129 215
251 931
173 218
652 466
538 798
726 899
132 777
687 575
435 359
491 288
189 532
473 102
542 269
953 694
250 875
766 489
405 945
942 641
753 166
642 219
157 390
910 541
202 698
149 670
169 410
730 341
751 441
138 780
563 532
520 317
151 826
761 679
752 182
996 992
122 878
867 619
876 176
979 878
304 355
466 606
790 294
193 623
158 626
372 904
470 225
912 273
445 778
400 911
550 557
345 639
850 921
239 895
846 445
975 141
945 727
564 633
278 923
882 743
376 246
423 831
673 130
834 974
595 514
199 134
550 330
383 580
708 594
106 528
941 543
662 722
688 773
875 270
636 554
748 457
746 878
699 194
171 395
788 345
901 196
172 736
390 188
844 878
309 674
925 412
480 483
617 727
685 403
553 999
684 330
334 974
493 571
878 177
699 894
289 971
746 616
530 231
866 910
340 985
370 105
782 547
653 103
500 558
914 659
427 209
532 218
701 892
256 631
398 463
549 470
627 717
771 106
827 307
342 278
712 704
765 199
830 188
825 329
732 582
652 363
129 131
540 332
648 274
383 363
928 227
414 572
248 862
300 215
738 182
848 839
113 623
400 800
697 184
183 390
698 477
421 939
300 103
924 675
332 831
871 496
570 359
799 421
814 631
873 923
667 397
698 248
675 376
562 325
231 234
162 872
227 634
306 500
756 678
346 743
857 776
379 630
941 224
286 565
816 826
839 340
309 268
707 137
681 270
341 556
641 700
511 598
214 684
650 425
694 373
891 841
721 554
580 763
541 359
354 461
313 995
193 833
938 685
764 287
892 235
527 606
638 373
870 688
865 317
444 616
562 775
411 824
716 504
208 950
576 206
972 239
922 821
277 839
572 957
615 520
325 396
427 642
307 123
928 627
157 338
845 700
413 701
830 806
775 911
778 299
596 136
918 103
379 707
963 342
162 757
879 144
380 999
527 820
974 828
645 582
165 250
755 690
796 313
364 307
601 551
796 533
716 543
770 387
536 622
564 369
790 907
479 500
634 997
143 695
769 909
803 150
968 700
447 541
262 911
376 447
977 612
919 978
755 931
652 585
166 246
874 727
147 254
846 759
111 325
435 485
636 971
296 265
522 141
560 719
217 349
754 918
390 367
411 854
915 295
783 309
316 426
239 658
613 863
588 613
572 452
297 433
334 528
348 583
413 273
742 517
638 868
201 463
235 314
301 390
128 925
626 855
294 553
387 833
981 479
549 221
377 506
613 557
216 494
780 863
103 188
195 348
803 893
454 718
374 624
132 471
225 304
947 666
879 764
722 983
524 161
664 108
249 473
912 794
516 704
311 957
260 930
486 359
189 530
370 976
104 548
482 721
589 478
261 722
825 250
731 868
363 200
518 911
790 203
841 291
100 964
949 671
911 364
337 265
335 734
304 751
467 969
518 790
350 929
578 112
849 516
166 720
990 653
910 727
940 899
739 396
866 352
225 886
693 848
444 461
362 970
493 530
609 921
212 597
751 677
641 911
677 846
187 296
541 556
165 470
444 477
433 196
727 677
719 363
960 734
172 155
424 274
973 585
802 541
551 366
311 773
994 334
592 465
627 900
812 203
809 695
538 201
713 277
708 153
835 572
426 706
839 179
359 522
918 775
319 343
794 425
151 828
638 373
524 888
173 170
179 472
952 424
905 857
494 413
658 189
515 705
437 622
702 813
702 842
569 127
482 794
206 955
439 996
318 386
746 334
247 522
599 718
316 806
628 923
620 403
257 677
947 763
588 878
472 868
748 737
784 376
754 354
661 833
932 867
818 528
424 281
570 811
594 970
123 500
145 458
894 708
667 332
962 991
337 872
687 484
234 341
882 652
299 885
494 110
714 412
597 225
952 348
536 750
998 778
839 363
784 195
324 375
123 126
784 572
964 756
380 405
272 911
161 658
910 340
362 186
387 713
933 916
385 399
693 137
753 110
758 763
918 767
511 303
466 107
789 596
387 661
703 911
109 453
953 875
741 957
449 815
984 770
379 487
534 110
625 282
229 378
964 366
806 852
256 375
881 867
558 308
759 172
869 417
325 202
922 890
783 559
300 254
412 564
459 615
358 323
898 274
124 897
138 358
483 202
343 267
313 526
437 814
765 492
739 930
586 586
126 583
934 109
163 737
819 640
598 682
226 733
870 665
838 322
738 618
333 797
168 399
786 144
813 970
604 878
815 322
896 351
238 596
328 434
716 820
203 322
972 707
993 281
641 726
983 772
554 624
897 371
156 299
485 539
751 471
447 628
467 888
289 171
559 391
789 352
453 595
936 908
198 472
111 760
198 470
687 810
605 106
626 388
868 453
565 658
533 126
752 556
534 582
213 476
660 191
285 573
383 487
685 968
496 726
687 528
848 772
157 792
497 607
413 874
611 443
724 994
512 850
841 878
239 407
417 969
347 240
427 424
697 861
187 596
256 296
522 880
537 363
704 314
118 648
256 567
227 473
148 359
601 220
162 594
804 212
969 319
359 934
450 569
661 303
673 582
381 950
440 628
404 643
511 266
485 1000
137 136
267 814
168 871
212 892
326 252
795 173
488 708
472 701
592 340
748 886
936 817
845 212
340 509
558 376
273 689
928 563
320 205
501 830
335 408
818 424
235 926
696 522
252 648
609 837
862 594
581 616
657 760
457 856
333 374
407 829
793 107
674 631
422 736
496 948
227 676
415 110
959 294
617 874
927 288
916 414
873 889
133 963
981 157
214 582
466 336
882 843
706 601
722 625
680 361
622 473
187 415
236 563
318 189
364 151
538 984
625 942
658 964
285 555
545 121
289 210
896 130
203 212
454 874
900 760
513 194
901 384
391 315
739 555
944 264
430 735
406 919
560 670
397 452
774 868
455 498
452 939
591 233
372 689
115 838
372 635
314 139
591 766
687 550
766 885
777 240
729 773
344 380
470 221
249 508
590 612
310 438
794 224
719 710
202 184
309 250
897 228
866 224
450 561
887 285
209 958
951 331
153 640
668 292
152 103
265 334
596 901
213 971
698 409
449 356
143 663
681 587
766 751
455 256
513 694
411 382
589 951
173 944
905 914
145 385
512 372
736 632
980 257
650 354
161 992
739 207
245 519
676 954
271 772
733 753
149 981
348 425
991 642
234 963
394 459
290 572
640 581
1000 655
1000 619
612 990
531 543
654 548
530 938
275 385
567 919
450 251
816 916
824 787
869 225
368 894
463 919
918 249
443 335
565 481
775 110
160 789
997 445
178 870
849 564
859 369
798 978
817 824
598 107
510 603
965 595
436 788
410 224
268 610
897 788
765 416
365 191
688 462
253 614
222 212
857 622
639 385
379 925
842 462
140 222
483 348
202 532
363 907
238 474
894 171
115 238
700 253
587 212
732 450
358 137
712 425
395 750
961 225
222 617
721 383
973 166
487 551
534 663
822 365
392 813
756 624
407 144
911 509
986 575
405 775
150 686
414 457
635 837
562 898
787 349
441 468
229 280
499 693
103 215
466 839
944 249
805 902
162 773
973 847
669 132
864 999
180 596
158 125
113 251
974 391
566 566
358 693
817 545
543 375
233 933
753 796
592 532
152 268
666 507
231 244
170 824
795 810
481 954
508 723
871 780
516 195
439 887
331 534
808 415
950 537
471 807
594 291
163 953
937 893
385 679
502 134
821 175
156 565
333 146
450 284
627 424
968 228
287 758
585 852
537 702
930 554
608 772
859 963
912 200
749 237
244 191
244 102
212 913
541 194
615 372
660 748
169 315
700 245
393 711
163 506
601 965
416 640
289 334
425 398
460 586
919 626
862 773
984 767
624 442
765 545
532 393
341 722
819 709
179 501
315 796
395 328
864 694
257 842
853 498
293 1000
255 479
398 825
531 547
788 962
650 884
673 286
934 269
268 736
723 163
928 431
343 171
775 712
222 156
389 866
999 612
409 986
352 618
652 908
788 308
811 380
294 811
146 494
689 312
301 917
226 409
433 209
424 543
178 501
366 975
189 740
524 114
416 948
456 885
318 269
840 726
266 267
863 831
438 963
224 746
159 835
690 120
468 646
690 174
578 304
269 589
513 497
884 852
802 296
427 222
489 975
212 152
556 584
542 625
898 600
893 718
140 467
612 727
568 435
151 733
234 706
828 502
185 556
510 650
222 261
966 854
959 536
961 317
670 816
437 116
253 618
849 464
865 183
145 220
561 817
327 708
536 597
857 927
111 924
323 533
354 230
578 872
657 460
770 535
184 940
967 381
197 434
542 776
762 919
921 628
290 962
615 542
825 350
328 449
119 274
928 978
735 170
675 825
403 184
297 339
490 841
835 918
695 245
644 472
638 894
990 932
471 475
265 172
763 251
716 365
823 772
920 198
169 999
192 773
287 385
284 631
949 607
667 786
371 373
355 982
634 583
258 897
895 833
475 221
889 738
745 702
277 675
213 777
108 647
642 486
810 832
636 239
215 115
592 621
856 587
229 554
680 995
935 659
991 163
867 267
154 995
625 281
743 676
897 154
435 919
878 209
735 229
189 107
339 808
173 472
663 636
784 249
196 604
550 671
731 216
632 424
853 995
870 827
692 622
588 394
304 514
782 142
376 442
248 414
745 894
582 408
872 942
630 731
337 928
182 329
351 729
776 130
641 191
325 608
857 936
787 657
275 756
173 381
698 403
991 709
991 800
578 924
355 371
660 406
183 353
485 903
415 244
453 791
828 324
628 896
846 855
320 414
167 330
391 532
400 781
193 984
668 628
217 380
485 817
243 766
815 1000
531 724
787 755
113 280
512 724
450 131
446 795
818 283
302 915
516 535
791 554
511 824
490 407
433 135
918 690
791 340
966 641
303 150
305 446
949 870
407 300
467 215
995 640
947 131
262 141
493 794
178 662
123 255
507 229
876 993
674 967
235 327
153 207
108 730
471 346
248 193
662 110
489 578
913 633
153 807
239 954
132 198
367 314
671 553
597 760
340 340
578 909
823 587
539 152
205 854
389 296
482 293
601 763
763 382
913 568
145 301
540 597
679 185
235 608
149 683
727 498
608 645
272 122
701 190
746 317
419 454
636 525
558 177
715 311
184 347
714 841
630 615
565 987
975 849
229 593
814 863
281 275
469 510
304 828
245 515
788 304
872 387
504 395
500 208
429 993
306 431
448 193
638 548
841 294
518 683
238 763
916 198
132 877
295 140
471 717
193 850
435 347
327 526
280 467
731 484
717 873
505 968
774 134
703 188
233 674
180 588
279 312
510 324
552 346
858 134
799 640
120 123
750 434
218 152
470 744
186 898
489 488
315 908
592 804
678 566
889 396
917 183
426 380
700 496
369 398
429 258
932 269
932 107
823 922
226 957
588 894
371 949
567 422
293 634
322 205
829 788
708 328
315 698
587 162
690 158
765 808
939 597
193 961
599 399
535 766
498 700
202 959
875 637
531 177
861 220
977 878
148 747
770 997
717 995
728 314
513 533
725 197
971 459
566 283
783 599
101 924
297 708
878 654
461 307
986 468
308 327
565 326
864 722
483 406
385 554
777 611
937 547
715 716
699 172
554 858
952 645
371 143
862 985
134 947
114 728
976 388
144 762
477 422
121 303
226 249
957 241
669 251
194 195
150 176
336 325
1000 103
401 803
909 454
232 668
197 966
360 956
493 372
187 406
639 455
283 305
412 186
814 275
310 201
161 850
937 481
928 679
132 347
286 286
765 972
622 601
127 559
698 982
998 430
691 309
735 900
545 778
644 732
117 241
794 446
554 582
221 292
138 886
487 431
418 863
514 493
804 589
135 147
444 227
280 539
494 883
152 500
856 877
277 618
911 946
198 819
163 665
698 545
858 885
745 631
610 107
489 117
174 526
256 846
730 821
839 230
538 820
119 849
724 728
343 225
981 359
401 352
927 608
614 764
283 873
493 472
870 413
308 627
970 694
929 552
847 868
915 459
522 693
380 997
703 415
262 799
180 551
322 949
812 845
175 977
968 766
985 864
848 655
769 277
926 830
717 215
209 116
795 206
464 659
952 896
574 956
955 641
557 750
647 913
425 112
606 912
156 357
476 819
585 403
458 353
233 559
888 764
205 366
714 387
801 607
767 517
693 632
780 192
505 292
152 448
924 183
504 996
256 279
514 325
758 922
331 633
577 186
922 441
403 496
123 669
511 780
494 128
807 702
261 419
649 265
842 776
413 183
600 827
164 638
616 476
403 555
216 983
447 218
730 474
248 767
460 146
255 893
481 216
476 839
335 788
953 946
363 523
801 563
923 229
731 152
517 137
687 209
722 729
486 317
870 372
687 607
437 282
444 460
692 971
204 507
758 816
535 171
771 705
884 511
100 193
521 185
403 426
324 869
400 411
197 759
105 499
172 911
773 988
562 681
384 853
161 516
734 915
146 732
178 270
961 925
844 107
541 831
868 210
838 541
205 809
940 500
978 263
714 448
304 987
417 790
827 153
374 221
751 976
625 786
388 474
766 613
797 229
240 924
475 971
376 124
790 852
196 411
963 345
729 690
818 973
361 608
691 368
992 501
260 338
652 390
320 819
729 220
769 589
447 421
776 946
504 781
480 582
314 905
121 963
289 455
240 131
903 159
563 881
104 685
940 146
261 671
324 450
960 388
368 578
417 572
734 897
383 224
523 850
663 716
441 864
750 343
316 805
602 925
316 889
119 910
708 215
700 539
587 963
385 177
430 480
136 559
594 404
156 547
423 879
341 230
902 714
252 942
677 363
237 949
368 154
194 169
355 735
633 379
353 938
612 890
402 726
158 355
819 111
854 917
220 344
355 414
546 185
613 240
466 515
416 936
338 368
250 253
810 312
350 603
425 477
932 952
843 204
484 630
165 809
967 794
784 896
598 439
279 786
485 744
256 757
841 433
274 284
298 850
967 948
776 581
119 911
289 166
529 513
694 138
757 346
675 222
750 619
106 360
703 875
183 167
635 878
435 179
334 651
418 918
766 848
494 851
549 575
683 515
272 925
231 127
329 543
886 915
359 449
369 695
117 477
763 974
659 687
959 638
907 326
200 470
295 645
195 165
554 568
390 897
739 403
652 160
389 174
302 632
369 532
883 377
592 204
378 307
147 543
663 382
410 825
472 410
339 439
582 613
802 850
231 808
874 963
431 968
356 478
896 586
785 792
508 344
917 209
606 727
782 598
165 617
510 930
438 342
699 878
135 681
348 361
677 195
916 467
795 489
150 709
372 707
799 574
781 345
241 791
365 972
503 774
969 933
735 377
807 194
445 995
673 815
160 285
378 139
962 673
610 616
961 433
347 702
892 867
968 204
668 948
883 473
740 238
436 947
952 454
905 378
108 185
961 925
227 308
897 622
342 421
496 687
693 338
915 478
881 652
501 752
648 472
333 598
293 280
264 309
605 224
527 477
229 404
304 616
842 342
772 145
429 813
858 351
316 484
649 917
316 218
465 521
374 492
809 791
256 170
685 366
810 431
262 141
932 808
375 137
696 752
795 424
584 593
684 596
941 496
337 123
571 176
225 781
620 816
733 496
962 622
590 541
333 158
885 231
830 882
732 501
854 184
240 733
262 568
978 667
689 493
282 209
421 261
373 703
305 793
866 733
593 773
715 906
589 469
526 540
159 751
891 585
303 309
438 417
418 481
677 661
941 426
706 769
564 429
294 960
407 578
445 253
487 546
600 602
186 392
721 868
373 323
770 614
492 766
995 185
351 492
386 766
647 659
276 591
766 738
986 313
723 980
515 838
559 147
920 302
740 859
825 510
920 386
798 557
848 682
196 622
189 887
478 862
357 700
563 729
866 432
345 657
832 184
644 307
202 382
392 182
261 500
498 291
965 679
913 939
515 229
242 988
280 693
319 426
801 557
398 599
461 217
616 534
584 709
526 785
899 848
255 758
451 565
742 363
489 256
283 964
420 479
855 826
323 495
315 492
142 139
570 891
739 159
325 844
949 202
601 897
964 672
341 141
657 884
997 849
992 415
291 625
226 785
165 716
538 124
429 274
745 669
392 115
416 631
288 948
445 495
392 441
691 246
133 460
875 713
958 154
937 370
964 713
457 287
385 938
222 244
340 276
704 135
650 901
867 690
282 104
530 280
973 597
577 434
287 376
913 398
133 509
271 513
844 961
477 656
782 238
518 826
363 558
161 937
250 337
680 217
147 584
489 476
304 223
490 357
937 295
714 662
475 682
749 710
934 186
991 916
405 932
404 356
631 734
265 706
972 408
138 551
440 292
187 688
213 143
117 657
631 190
251 286
853 500
604 943
618 456
461 428
576 247
243 321
378 775
763 978
132 918
715 158
434 131
866 902
967 846
994 359
929 422
647 136
263 152
962 1000
256 587
116 231
891 401
425 439
296 258
865 481
372 542
421 939
716 620
570 419
771 758
884 857
195 273
657 390
130 909
481 356
637 673
715 931
109 407
813 761
639 164
455 381
308 659
536 232
432 841
585 816
686 381
108 394
705 602
245 400
110 791
355 974
851 332
706 615
529 997
596 902
560 166
180 753
686 627
220 990
304 802
540 849
871 271
385 634
824 604
269 820
145 783
747 994
771 753
806 540
239 566
899 606
734 866
477 317
161 247
587 588
461 350
195 354
401 771
604 909
113 326
390 611
463 500
304 372
866 850
429 930
811 511
784 833
346 657
370 948
523 637
554 668
825 231
101 883
871 831
754 682
404 852
580 860
699 374
991 837
926 344
618 720
562 109
649 397
448 773
626 249
947 951
588 292
853 612
758 191
644 728
899 485
145 774
895 417
767 817
618 368
921 453
527 736
834 568
261 670
913 796
594 861
196 421
1000 360
942 939
991 463
826 173
894 580
107 104
422 289
692 124
446 284
265 269
875 645
490 622
344 902
648 355
285 277
493 272
841 374
714 389
305 459
908 457
971 879
337 981
651 957
633 675
186 112
942 730
111 768
658 767
345 978
281 785
899 897
314 235
863 849
290 689
292 291
711 109
506 686
346 868
708 858
161 781
184 294
612 142
467 140
823 590
859 853
563 494
167 552
575 853
413 298
448 765
760 976
716 370
637 789
382 638
676 981
438 870
190 220
704 284
753 361
839 250
336 828
453 861
885 758
545 899
291 203
891 597
600 882
944 881
945 205
729 984
987 416
693 579
989 490
219 219
958 671
734 412
273 302
952 521
958 526
488 160
568 570
756 165
599 569
947 399
843 811
883 645
593 451
769 621
760 359
521 766
532 824
646 117
120 918
602 636
616 100
121 224
264 539
509 124
284 325
704 279
311 304
484 461
251 602
485 920
118 422
815 487
963 832
898 437
986 428
466 443
704 936
691 868
853 465
512 182
277 653
882 294
642 951
371 488
696 584
797 395
949 697
793 565
442 286
337 807
322 612
995 477
161 568
589 493
389 680
134 495
750 191
832 113
266 421
696 385
296 436
789 651
605 738
240 357
887 219
505 211
209 390
553 701
442 844
909 962
883 608
584 273
317 693
897 422
595 887
992 588
204 311
136 628
907 835
588 206
178 178
834 260
810 496
174 365
787 884
518 350
509 150
227 567
488 739
347 456
858 516
860 504
668 331
273 888
553 515
653 368
134 819
152 994
768 785
133 751
287 820
831 797
673 517
518 275
578 531
285 496
932 101
950 729
246 950
567 207
131 127
304 971
681 610
725 867
784 198
364 976
616 352
612 625
700 891
107 199
803 317
542 577
568 206
949 862
543 509
202 795
534 569
563 122
634 354
123 837
542 796
743 610
199 997
199 138
376 413
622 960
710 873
595 335
172 638
385 521
540 604
854 356
594 194
515 158
829 868
770 700
366 367
972 987
448 900
222 510
501 668
763 746
936 456
398 568
257 539
945 787
856 296
104 291
586 491
982 730
221 351
969 506
114 434
812 512
490 584
516 999
616 860
539 931
473 191
270 280
720 390
104 756
350 667
872 971
767 981
351 576
399 274
780 481
167 389
861 214
533 582
322 883
944 806
711 513
956 494
596 559
558 670
767 306
734 400
605 761
796 552
937 767
314 811
212 427
613 373
251 796
628 556
237 953
492 357
159 673
898 862
937 871
109 405
716 322
556 711
446 254
464 627
812 726
858 624
723 489
124 400
573 991
886 721
532 758
664 239
658 172
149 388
233 973
693 328
989 175
747 448
669 971
861 732
256 925
535 838
431 578
114 947
372 215
455 879
828 894
698 591
796 731
821 762
782 716
972 156
692 975
286 752
364 278
235 575
436 393
462 420
620 482
101 148
290 394
261 776
567 902
963 997
506 346
136 644
717 377
768 331
649 350
446 263
246 536
615 738
525 965
153 888
711 109
620 493
148 657
480 792
629 194
431 921
415 858
294 637
715 775
863 121
836 661
921 385
728 446
379 124
319 714
294 663
521 114
847 970
482 368
163 523
513 951
941 194
587 356
883 148
386 894
385 671
420 804
391 160
393 166
261 732
897 661
161 387
205 504
448 170
461 650
613 337
434 609
693 895
861 522
850 309
393 993
473 219
511 688
446 641
963 723
541 522
651 663
429 400
645 335
609 418
281 171
335 316
911 455
617 483
717 215
425 192
636 728
451 774
352 831
511 989
738 426
651 486
141 953
931 113
233 401
602 907
465 407
777 198
766 255
751 774
435 955
808 412
274 879
829 272
424 283
580 585
991 710
497 909
326 956
769 589
952 439
476 303
902 180
690 250
537 639
899 640
234 478
341 508
839 447
201 869
204 467
442 957
410 647
555 677
947 155
329 944
824 903
366 831
265 588
584 442
874 385
232 784
858 193
935 567
455 480
109 592
916 515
675 523
496 968
936 135
942 629
993 930
100 163
573 645
860 880
877 438
330 625
723 928
785 784
246 811
738 582
300 877
459 891
242 631
779 396
810 479
544 205
126 395
896 942
612 880
596 918
762 871
103 351
905 522
491 654
130 377
111 799
700 463
495 329
324 781
352 599
892 304
825 813
345 430
587 197
680 695
825 699
282 275
870 566
862 900
961 298
520 488
318 333
893 427
958 621
469 585
830 663
960 412
982 374
498 118
395 145
917 102
183 759
804 699
804 583
457 548
354 125
817 663
264 771
830 285
716 250
171 635
807 214
406 714
594 605
867 345
947 500
753 314
229 796
101 858
264 598
874 231
553 921
932 265
625 161
982 490
685 381
875 699
323 562
246 162
177 169
443 339
603 978
408 839
592 532
611 282
609 517
258 285
150 477
884 583
358 131
613 756
463 776
963 695
636 715
872 484
984 540
114 293
133 619
963 467
254 263
569 568
917 723
146 864
122 264
666 883
934 991
428 805
470 538
803 369
768 703
967 754
355 257
769 623
303 435
774 429
728 630
721 662
843 198
614 158
339 263
107 998
184 692
917 800
647 634
608 564
923 573
452 809
350 814
636 114
744 410
327 207
741 420
671 856
617 617
670 163
933 551
305 744
683 714
427 525
663 628
500 897
413 996
426 999
790 455
554 433
667 252
705 523
328 249
944 387
251 681
160 830
433 783
520 926
144 961
331 283
186 225
676 872
594 298
225 743
801 580
751 254
535 795
359 315
890 811
935 244
728 189
825 396
405 141
453 442
140 884
765 605
362 134
472 713
705 655
764 477
121 533
206 635
932 540
881 349
326 252
225 663
743 479
356 533
123 205
215 647
717 327
815 189
495 143
609 885
215 467
591 345
426 586
685 338
731 143
902 244
738 605
871 424
406 622
320 684
355 806
946 955
561 861
725 504
479 298
966 720
499 435
888 865
556 642
190 222
914 148
502 108
987 665
164 242
945 847
441 630
591 710
709 651
924 621
457 337
330 955
498 933
773 928
131 719
842 414
657 833
323 580
798 962
359 625
548 972
181 631
903 244
685 197
951 862
276 700
702 236
378 137
401 743
882 612
904 335
531 333
203 362
939 907
322 112
430 180
670 503
175 351
994 666
696 879
720 733
268 898
827 719
970 935
441 534
772 315
186 146
326 687
353 149
887 607
599 772
449 436
629 784
735 648
989 136
260 628
615 936
387 791
149 585
246 775
501 529
665 864
650 741
614 433
122 787
419 223
161 621
595 790
215 540
155 695
875 865
235 234
855 927
467 776
322 789
928 407
999 689
704 114
210 134
517 317
210 382
400 976
289 267
934 346
423 345
497 182
360 299
692 180
509 164
562 391
963 153
157 472
170 152
278 770
655 295
765 750
413 522
428 969
785 486
842 995
992 241
210 495
627 524
244 222
254 881
115 612
808 279
341 625
898 580
356 518
569 215
869 254
810 716
998 107
715 918
426 825
128 222
172 143
173 925
461 716
126 411
982 907
991 180
547 874
481 331
877 132
149 254
877 638
109 827
215 826
292 444
827 627
745 811
557 987
575 120
401 436
710 464
867 887
820 229
782 138
819 387
321 484
384 340
825 166
336 573
425 790
948 184
445 278
720 952
749 746
805 578
296 330
438 920
486 773
178 845
374 626
510 992
322 347
736 931
598 974
315 568
579 578
339 443
308 135
184 448
681 465
842 559
283 696
911 875
346 169
889 992
594 379
457 239
322 382
963 120
294 413
736 592
339 974
797 474
846 820
683 667
240 297
655 210
930 166
823 317
313 577
683 566
905 774
485 401
533 154
436 736
295 945
239 205
487 760
522 149
471 240
928 740
625 819
365 290
517 267
314 409
322 107
857 362
904 504
299 932
474 369
564 258
434 970
320 567
187 278
434 526
256 688
135 674
773 302
574 597
746 358
572 983
740 503
495 862
702 766
238 629
851 451
685 477
515 815
230 718
278 892
791 241
455 650
114 563
524 949
573 361
873 277
550 828
817 787
936 793
497 399
309 970
848 953
149 246
948 406
906 818
252 697
303 322
568 583
276 347
928 518
738 457
760 386
207 994
458 271
175 696
255 242
603 820
547 375
650 121
211 813
319 534
703 263
912 543
389 286
726 506
826 823
957 443
987 127
521 629
900 888
548 147
739 953
104 443
899 655
227 709
659 539
710 694
183 715
703 216
614 789
115 759
108 811
909 737
412 391
661 273
972 196
841 403
642 805
261 125
392 516
524 881
864 553
571 620
665 527
545 944
795 509
569 945
557 376
940 252
814 981
368 941
977 463
829 263
566 862
973 968
209 660
409 381
893 706
716 311
481 389
552 659
205 121
651 798
360 460
719 408
809 574
849 746
480 800
862 558
430 161
739 988
945 715
837 711
312 519
836 514
875 516
539 862
304 341
714 753
116 683
868 304
716 537
435 742
600 895
817 734
499 102
924 298
516 223
248 985
360 416
888 690
492 817
515 395
760 134
338 198
817 664
297 991
536 582
634 792
866 880
186 127
969 426
857 360
795 722
380 935
940 599
274 702
386 504
103 225
363 516
108 960
828 433
188 957
223 996
411 278
498 124
751 734
783 684
956 333
531 355
607 925
675 381
111 524
949 786
964 803
248 804
349 606
537 125
783 308
697 714
748 645
745 998
422 797
466 920
827 548
473 506
604 121
526 199
201 841
988 131
309 510
153 452
563 205
471 914
553 917
849 558
636 140
832 228
101 650
526 661
689 191
806 479
288 738
920 569
525 255
554 886
982 906
508 213
666 306
172 913
385 384
736 705
113 969
463 178
781 834
117 320
303 359
379 195
349 273
130 540
142 783
317 534
913 220
389 730
559 677
162 654
968 135
774 239
496 710
155 277
610 110
105 144
599 393
251 467
593 410
274 916
116 750
118 817
272 597
583 224
176 963
843 781
907 971
153 466
588 453
940 389
187 876
608 392
622 490
275 853
960 351
499 966
535 506
748 246
426 237
223 129
654 395
777 778
252 600
486 419
370 772
924 699
404 961
513 568
343 572
165 731
217 990
633 173
854 493
642 655
170 766
463 456
870 116
983 414
245 925
333 900
712 230
278 142
550 337
181 954
909 353
509 657
269 807
304 384
740 249
248 748
553 163
629 625
683 299
693 102
446 128
726 210
511 206
825 829
399 547
647 450
183 830
897 284
964 115
515 952
308 757
359 193
197 558
735 897
688 446
489 177
522 977
913 351
266 321
886 766
924 176
579 335
100 748
583 980
875 208
744 777
480 579
582 464
998 899
938 123
257 505
769 713
742 895
537 950
443 164
477 310
852 295
744 602
311 397
110 152
521 156
305 312
699 917
131 870
454 373
832 413
989 342
632 240
298 435
822 922
149 766
898 642
403 887
356 128
845 904
782 101
253 343
261 651
504 766
453 306
135 829
334 998
324 320
729 655
865 313
116 867
697 112
770 708
573 114
317 883
732 272
276 738
357 826
351 190
718 644
679 225
884 699
416 965
815 170
943 878
367 207
262 911
543 132
271 213
466 662
773 194
579 485
695 572
957 228
513 651
383 351
465 177
992 329
563 576
441 818
204 783
659 849
295 596
373 762
446 328
533 821
604 127
544 128
816 686
973 724
856 686
185 966
110 515
529 557
344 560
666 270
374 896
256 291
687 170
990 310
797 194
626 569
735 998
434 303
384 435
473 131
300 864
344 110
531 321
319 965
954 734
590 953
769 300
270 936
107 512
458 872
815 496
614 824
396 987
421 850
847 992
705 429
921 754
890 683
166 127
222 785
466 366
409 968
540 143
943 977
119 360
918 259
348 625
660 909
875 730
216 425
754 309
297 193
771 987
274 976
114 376
590 320
985 943
118 674
736 510
304 719
401 511
119 964
565 962
335 239
960 565
235 341
137 204
177 901
287 358
918 506
105 768
342 372
637 676
858 257
980 894
413 754
939 854
507 232
306 881
541 615
172 591
763 416
996 695
449 607
251 408
471 406
632 128
927 685
923 330
151 922
603 888
447 663
302 801
900 712
620 239
208 772
848 642
248 863
593 156
531 925
111 724
491 584
543 239
995 985
307 338
128 115
884 452
800 854
130 195
698 713
419 102
249 458
108 212
448 1000
216 128
828 735
976 589
507 479
335 241
935 794
937 684
550 292
476 182
144 258
691 398
358 955
445 808
324 540
846 554
516 384
433 718
757 120
496 807
949 884
356 420
440 976
811 240
762 859
221 893
441 179
120 508
506 389
478 799
688 126
700 457
999 967
388 129
1000 544
322 892
401 773
156 828
696 983
351 192
189 447
872 704
183 823
139 354
224 481
700 869
235 900
556 999
757 396
873 977
413 686
197 332
800 506
826 675
308 474
811 989
611 757
189 761
762 357
938 210
635 528
176 926
197 232
558 507
850 678
725 829
964 491
200 560
819 685
677 717
337 635
965 132
868 640
487 921
685 138
615 770
907 100
520 454
140 228
426 713
403 579
990 435
171 775
723 259
904 886
431 269
449 491
701 110
666 173
677 253
668 190
596 324
473 952
111 174
493 163
681 265
811 703
317 216
918 460
654 775
630 220
335 114
572 514
112 230
462 478
652 658
843 353
151 629
189 164
963 632
320 680
728 436
279 947
631 707
989 911
601 110
754 323
850 587
453 721
832 533
945 739
316 911
563 497
248 566
969 926
368 127
171 364
384 530
677 925
532 318
604 982
709 733
827 745
621 435
427 146
753 880
863 127
854 225
964 692
595 179
287 399
438 840
807 678
911 939
911 107
665 542
921 591
584 949
128 645
813 546
671 615
321 392
733 640
145 606
360 382
267 531
990 963
504 451
763 681
594 734
482 655
307 445
361 554
331 277
738 291
640 535
215 165
325 944
538 661
974 913
386 743
862 287
478 455
957 370
665 347
760 107
698 709
702 655
559 207
950 340
381 867
110 186
390 570
985 650
722 325
380 653
528 387
945 784
944 496
800 957
414 254
593 328
432 734
248 750
522 221
807 597
331 905
534 660
335 568
460 616
264 730
768 503
308 351
253 805
697 718
804 818
560 242
821 160
871 771
959 993
685 644
728 318
762 156
596 817
795 607
390 787
849 644
247 933
172 571
558 994
638 416
612 458
332 102
871 471
195 284
979 137
852 165
597 646
392 128
475 746
117 414
256 204
723 752
155 458
170 524
893 562
799 326
314 853
838 806
179 127
965 488
804 610
118 487
208 869
904 571
839 364
748 428
394 355
744 713
877 357
181 972
296 298
268 645
129 758
134 618
347 979
319 730
687 779
488 904
248 410
871 996
982 399
425 148
583 449
898 961
227 160
187 881
571 504
120 514
980 543
517 425
651 579
716 705
645 803
357 806
449 345
352 149
108 243
551 654
881 640
556 327
428 539
373 491
481 236
231 180
906 315
529 745
689 587
733 262
453 154
829 369
740 387
429 914
620 911
809 292
174 210
414 469
637 896
762 100
998 658
586 321
996 204
986 567
554 473
697 258
187 468
817 852
523 277
334 355
880 320
259 212
926 288
555 191
717 982
947 239
227 582
184 647
441 459
961 180
705 596
929 355
363 679
862 143
879 687
262 804
655 230
960 334
273 444
550 834
107 650
883 236
554 587
208 669
188 493
666 132
264 252
786 101
419 753
895 527
121 371
523 620
420 499
577 413
149 237
856 282
991 229
561 534
157 823
566 677
268 352
417 933
820 918
682 484
635 179
924 811
812 669
512 418
479 616
216 839
819 886
193 441
274 719
661 675
425 570
436 459
736 615
104 444
926 296
107 774
679 710
355 901
221 808
986 638
432 750
750 464
627 405
274 561
262 165
958 922
292 698
416 126
538 234
443 489
758 433
560 124
472 536
169 774
679 786
609 352
488 122
208 303
636 990
310 314
823 509
746 353
561 248
622 128
232 422
385 331
374 481
974 834
213 669
161 507
458 226
712 268
855 901
796 195
651 619
955 294
369 895
236 634
636 405
226 777
149 353
609 310
786 373
781 686
805 437
906 953
815 903
334 476
410 649
295 435
876 613
797 182
343 499
151 536
396 202
181 123
979 361
832 259
742 442
786 946
997 437
703 309
694 549
559 977
576 456
230 957
679 267
396 507
629 956
779 189
776 542
212 830
989 116
553 772
334 765
705 158
256 588
595 785
482 933
654 951
399 985
298 625
261 622
194 524
422 177
878 568
701 210
504 106
797 626
847 700
351 845
172 349
367 273
250 674
633 997
508 842
967 981
742 521
648 978
226 381
507 797
653 557
580 207
615 987
222 107
819 371
426 223
638 960
640 754
331 610
542 360
200 602
130 656
746 603
630 837
355 411
579 893
396 416
878 777
428 445
646 586
715 446
256 541
527 964
959 881
768 148
363 513
269 594
414 353
665 434
694 692
929 755
799 381
988 733
231 119
167 821
337 770
433 410
720 941
659 956
672 971
825 682
470 650
586 179
424 360
376 592
536 534
187 647
923 243
721 620
550 972
875 704
915 139
417 320
290 322
676 813
452 924
847 761
760 834
276 661
643 765
213 432
260 856
261 641
119 288
481 103
333 530
819 144
890 559
817 296
859 182
920 481
847 431
271 427
515 125
557 315
150 747
521 447
102 767
227 937
729 827
369 581
559 205
504 569
472 527
522 792
326 496
299 165
821 405
864 285
935 601
179 436
350 981
113 740
308 193
917 705
622 735
844 364
948 682
607 465
492 134
293 284
345 234
788 484
432 522
389 987
113 165
542 988
278 553
343 664
867 627
546 437
788 201
455 215
423 962
735 968
175 460
118 308
885 316
575 342
819 525
418 315
991 327
875 733
217 383
192 855
280 840
239 296
818 800
520 907
156 102
811 133
878 173
289 400
281 648
777 671
109 422
228 219
378 686
243 191
774 994
454 833
538 896
256 955
990 561
731 643
940 638
576 178
125 440
253 206
631 181
494 546
345 749
601 486
983 218
804 422
238 912
369 884
836 425
393 947
942 608
301 523
228 638
181 283
233 775
895 228
115 275
335 521
711 418
672 238
838 199
674 199
224 391
904 655
143 612
131 280
850 937
495 326
662 511
997 873
910 574
759 940
233 327
102 313
654 570
770 874
472 572
771 503
494 494
648 408
795 669
877 997
101 584
369 857
353 489
119 302
854 217
477 665
150 154
631 863
351 134
148 392
193 343
392 410
366 102
387 486
683 656
207 822
830 895
940 312
655 982
976 181
304 529
865 253
661 634
355 375
200 828
701 295
393 522
651 813
214 970
566 558
390 154
537 135
456 532
426 311
138 822
934 359
852 358
663 257
823 363
208 327
618 115
204 509
196 970
282 473
270 778
601 458
202 603
494 667
398 471
778 113
512 264
405 310
122 703
212 743
629 966
751 905
441 967
369 529
327 949
707 131
548 467
456 572
339 789
960 248
824 752
993 823
249 652
711 238
294 941
187 486
941 811
576 449
606 646
785 691
156 559
150 433
448 105
628 929
267 406
593 681
877 916
399 631
606 303
340 181
310 647
961 434
716 374
282 822
776 430
728 278
188 963
356 776
497 121
203 622
617 573
318 611
739 145
278 534
666 997
896 845
645 887
341 354
534 761
759 797
140 482
969 877
308 856
365 679
548 464
334 148
457 600
608 635
233 599
777 133
115 281
326 142
887 878
687 228
978 955
554 333
229 385
764 117
120 264
529 254
407 946
354 226
102 536
303 648
567 717
781 410
392 860
793 460
626 985
710 645
805 428
847 367
837 351
658 326
852 831
155 546
576 167
397 170
779 785
328 291
428 505
935 694
845 811
188 890
623 314
690 288
846 981
693 210
266 478
476 144
707 598
932 834
790 702
506 813
264 951
905 617
623 510
398 441
236 170
292 445
985 699
474 735
431 848
833 871
392 405
993 873
183 375
740 939
555 746
763 798
254 738
789 434
370 392
1000 462
480 694
1000 930
579 415
667 689
457 355
824 166
163 170
305 920
946 123
528 989
775 649
802 533
857 568
322 948
588 546
274 370
143 153
371 565
719 786
221 990
629 612
923 719
887 741
553 205
500 980
502 240
419 216
821 182
813 963
967 674
245 475
568 412
758 989
505 837
437 133
527 122
851 748
824 682
999 536
998 967
477 560
399 143
684 460
787 678
440 815
658 962
458 653
321 864
891 533
199 193
673 342
130 443
156 879
530 453
852 376
365 299
352 854
984 720
848 403
332 159
343 256
811 530
674 541
408 507
652 807
786 689
438 148
313 248
231 571
333 989
106 414
772 217
268 102
116 880
838 861
549 999
103 623
211 672
300 663
481 600
955 299
417 426
386 989
377 991
564 841
230 568
904 527
506 731
367 612
446 907
737 713
311 433
814 842
181 194
686 775
178 535
769 392
253 886
382 843
799 512
822 104
132 277
842 326
829 234
820 817
700 351
441 293
366 183
536 598
486 192
198 494
602 823
809 651
920 788
213 836
767 162
939 862
166 144
205 249
831 194
425 317
894 369
743 961
220 740
663 302
418 131
354 768
759 785
911 630
652 913
447 247
995 578
547 867
650 532
901 483
266 938
381 403
713 748
579 161
259 609
472 983
973 229
310 337
343 230
266 709
402 796
755 652
380 307
720 700
565 436
654 849
828 776
176 179
548 787
122 507
425 562
870 895
366 113
942 470
748 287
131 798
138 625
369 639
694 858
100 199
169 760
596 435
330 609
483 788
302 909
166 231
646 668
592 541
709 210
559 971
103 160
264 155
835 538
908 831
806 747
526 169
134 238
794 741
261 802
414 599
867 617
244 895
143 707
360 479
794 640
725 537
706 155
626 525
963 887
295 174
643 807
570 589
241 729
230 891
502 759
335 531
136 531
941 546
435 665
839 291
900 704
624 403
452 389
915 900
174 730
305 345
834 895
185 894
348 332
329 623
832 534
978 503
554 428
110 398
696 594
779 187
441 926
322 963
896 979
615 796
874 598
395 367
151 443
592 145
536 107
585 149
385 902
596 199
988 397
537 494
441 277
812 720
363 870
897 411
755 649
924 440
803 354
793 159
553 195
570 932
710 657
152 658
671 683
688 969
924 386
712 294
177 153
432 439
809 285
441 877
446 728
160 190
850 127
574 454
713 588
243 561
480 444
838 229
228 635
542 882
379 162
446 672
674 719
586 119
782 847
590 965
108 953
322 841
557 847
398 877
200 417
395 359
849 733
925 693
671 616
445 912
258 359
197 372
710 377
256 861
677 619
542 735
795 957
800 124
524 477
894 622
506 995
172 303
419 350
118 954
457 728
763 517
386 767
120 511
542 136
115 452
282 549
649 599
287 648
816 150
486 447
713 337
431 396
937 496
476 216
718 738
600 865
858 467
492 545
587 849
846 788
991 694
102 716
476 418
192 645
777 858
178 573
402 265
363 962
697 793
385 188
878 480
209 226
545 465
913 389
1000 118
518 580
675 329
542 991
703 457
206 503
709 392
220 733
451 424
830 907
771 682
314 677
678 356
726 521
134 156
225 767
637 443
561 999
338 680
862 178
924 547
199 977
604 666
280 786
949 549
171 672
830 237
405 894
863 555
829 795
843 730
840 741
113 459
692 502
606 366
573 169
732 624
865 918
515 546
978 899
846 260
590 141
173 907
240 708
782 975
185 633
230 201
903 158
659 626
539 561
216 618
423 658
983 921
632 270
615 537
482 722
913 155
595 471
917 658
985 539
849 125
145 451
986 803
854 946
301 972
790 427
161 184
548 830
946 555
991 897
422 224
904 529
110 891
472 107
937 950
120 449
590 590
784 735
781 475
850 378
602 607
198 830
625 474
109 966
153 268
239 996
718 669
404 816
387 943
820 977
666 915
574 499
488 469
185 585
230 896
522 873
102 885
873 951
718 522
867 888
528 825
672 903
965 315
545 979
762 105
572 981
115 281
877 191
782 967
829 855
259 700
313 892
739 811
830 222
414 792
633 349
846 450
196 991
680 505
451 762
639 247
148 542
641 635
927 853
135 293
449 822
162 542
716 727
537 459
671 662
923 461
643 368
632 369
979 681
367 762
632 426
491 558
216 250
785 278
287 806
612 598
688 850
354 131
577 487
470 236
111 838
719 682
233 352
274 926
762 987
349 330
976 690
241 179
379 368
357 314
278 515
682 848
993 540
585 882
270 790
733 685
172 147
616 667
781 384
600 696
915 803
728 885
204 277
759 550
370 445
394 177
665 916
955 602
309 531
925 696
481 505
656 984
432 517
284 925
493 507
889 950
285 778
756 698
697 467
746 312
611 350
548 264
844 810
566 412
927 228
625 277
259 891
176 816
489 292
440 358
670 816
900 888
110 828
688 470
482 558
483 413
400 624
912 342
788 481
165 795
985 646
467 768
476 678
969 544
984 945
323 941
155 254
667 528
720 765
836 935
143 916
574 318
487 902
935 367
807 683
126 528
1000 487
461 783
324 448
220 991
710 410
432 927
138 124
355 510
628 456
196 273
486 287
394 894
869 184
200 124
279 151
319 294
631 434
429 376
881 440
174 100
553 346
302 885
650 905
430 402
364 951
127 463
178 155
449 201
776 908
588 277
855 477
339 412
364 609
548 236
183 289
484 418
704 218
355 915
825 714
183 435
469 713
311 643
620 389
360 116
710 429
250 269
329 979
202 372
263 914
147 237
300 255
832 129
591 835
967 886
177 105
342 753
938 973
585 159
758 152
463 248
153 465
443 628
741 721
962 527
794 505
648 733
829 918
100 846
971 559
610 764
356 336
155 132
983 694
165 526
835 624
973 937
280 906
690 387
381 962
542 956
416 202
258 304
805 798
432 923
314 286
929 290
994 729
855 427
398 484
145 616
174 271
411 338
644 549
302 277
716 922
537 371
245 583
188 403
405 696
648 941
233 146
831 145
913 160
781 479
614 624
675 781
730 431
664 508
551 875
388 907
782 100
847 610
902 521
382 253
360 466
411 159
942 810
492 250
663 664
131 755
381 743
997 734
871 400
289 928
128 353
832 444
144 377
642 536
763 915
300 749
577 190
643 221
967 677
657 706
841 971
241 771
990 583
392 838
326 353
905 136
136 888
651 887
116 748
635 720
736 420
602 495
322 321
433 978
535 981
920 606
615 876
120 127
839 898
293 989
963 627
260 611
822 143
961 333
701 255
587 375
662 728
361 880
854 350
523 379
233 827
723 394
278 131
160 182
584 312
734 496
584 352
119 268
782 878
650 703
425 640
529 709
488 617
849 808
848 623
703 168
349 777
615 544
194 491
308 779
441 920
256 825
893 948
482 379
139 488
414 450
493 324
366 895
273 242
531 433
922 879
719 596
637 722
409 539
315 827
566 220
714 470
387 408
633 359
129 582
254 916
165 232
961 788
382 959
150 551
828 329
145 729
629 396
400 426
126 432
256 674
832 970
124 932
239 266
110 484
790 127
852 454
171 440
551 395
648 519
131 617
338 564
674 312
376 757
439 622
799 669
562 726
556 539
745 589
958 399
149 830
644 144
117 269
589 108
385 434
368 216
676 189
418 214
326 826
988 216
301 321
829 913
863 500
615 596
475 945
872 476
584 801
863 694
731 783
463 819
677 593
873 401
124 187
352 537
509 922
671 268
925 398
634 183
584 629
987 929
574 713
219 955
703 991
578 166
527 167
663 545
139 182
753 564
283 629
922 675
995 342
102 931
891 961
220 562
877 784
233 612
686 313
759 610
153 418
166 489
310 887
469 775
337 371
742 808
273 558
578 647
816 912
141 949
737 533
317 822
140 607
223 455
574 107
719 867
243 124
175 396
371 502
792 771
549 180
240 458
185 802
162 300
225 616
363 409
768 156
976 164
933 501
944 934
377 500
201 660
519 461
384 358
694 936
962 662
372 411
915 142
368 584
156 199
463 842
131 637
537 646
130 477
820 967
471 764
726 866
565 557
813 282
995 464
827 577
113 653
936 225
544 341
680 122
325 630
421 629
112 278
301 762
741 806
656 469
854 102
818 808
501 579
882 484
746 445
108 547
167 743
577 890
422 124
120 729
160 435
412 268
941 301
257 367
990 855
852 298
520 140
473 112
537 466
711 567
662 269
535 295
743 427
796 528
622 671
765 294
642 792
289 328
707 702
976 260
546 179
107 983
916 173
390 604
806 180
895 275
803 876
847 653
315 955
427 848
685 545
501 520
130 721
290 958
755 349
955 727
186 119
581 228
403 207
596 464
155 873
232 772
680 859
408 927
187 857
595 744
423 774
263 506
564 207
883 872
978 416
901 511
596 921
526 136
371 863
487 329
879 960
951 885
710 347
519 119
477 571
865 381
411 927
353 839
169 397
847 350
358 681
272 938
912 197
228 279
387 155
584 687
130 868
249 687
511 451
696 142
504 391
382 189
223 402
238 673
409 402
421 906
674 598
342 887
729 249
287 385
769 432
279 947
546 151
500 218
551 763
906 227
780 540
962 115
934 527
668 359
936 253
680 261
978 465
446 335
778 272
298 994
151 459
926 572
945 899
405 447
299 895
723 833
976 704
259 625
273 703
290 180
920 992
135 886
829 112
662 241
933 369
608 867
388 590
275 774
258 626
359 273
486 829
870 588
650 491
897 809
739 354
569 647
530 165
903 774
779 497
328 705
875 387
342 637
968 717
733 688
458 448
259 840
283 377
899 862
349 679
815 116
161 681
150 197
725 790
579 614
231 678
490 787
797 250
883 892
952 704
865 534
443 233
276 352
501 862
375 148
769 823
669 215
292 991
761 418
541 934
446 784
924 731
475 262
182 268
755 524
612 850
567 753
770 805
366 559
165 783
189 626
564 904
994 169
487 185
995 939
350 531
453 985
921 705
320 955
964 518
969 999
981 559
693 504
384 331
578 241
130 831
413 730
532 828
645 863
718 940
924 722
426 137
326 641
822 843
840 448
438 590
558 338
942 841
615 687
104 644
430 520
689 816
871 899
911 843
520 150
620 724
886 120
922 403
513 993
198 330
188 339
504 900
764 862
433 954
962 218
830 781
922 569
820 348
498 139
721 640
282 597
779 218
516 209
837 406
712 784
541 683
164 575
847 909
777 721
634 235
274 136
445 501
152 435
782 385
136 475
604 631
789 548
130 664
720 448
508 677
536 839
209 715
903 899
123 171
972 728
322 999
703 498
106 852
108 308
988 573
714 210
839 861
817 431
496 868
810 691
706 236
769 202
773 993
742 768
707 317
367 267
699 160
431 545
137 557
370 272
651 423
148 551
668 298
674 532
787 663
895 937
517 759
974 587
933 876
386 361
295 469
606 436
625 931
151 883
946 650
766 305
317 300
730 227
405 610
761 770
187 211
657 256
756 243
446 277
986 904
412 144
508 715
699 240
746 999
779 499
660 521
704 912
532 180
295 299
524 871
283 704
491 369
105 628
